<<<<<<< HEAD
           0   1721.6806468349505     
           1   1720.5505041038241     
           2   1718.6677618877477     
           3   1716.0334265343586     
           4   1712.6487880196639     
           5   1708.5154305237122     
           6   1703.6352461798972     
           7   1698.0104519677172     
           8   1691.6436394689424     
           9   1684.5379379482276     
          10   1676.6969198244326     
          11   1668.1245699747838     
          12   1658.8252099923011     
          13   1648.8035975251883     
          14   1638.0650947188230     
          15   1626.6155425276881     
          16   1614.4611414377525     
          17   1601.6086787332013     
          18   1588.0658832416957     
          19   1573.8412218360174     
          20   1558.9439404955776     
          21   1543.3841173134786     
          22   1527.1727502485091     
          23   1510.3218175586087     
          24   1492.8442492873282     
          25   1474.7540790883572     
          26   1456.0664294788464     
          27   1436.7976424482724     
          28   1416.9653372791183     
          29   1396.5884121388451     
          30   1375.6870617640745     
          31   1354.2828097979423     
          32   1332.3986114487354     
          33   1310.0588861151866     
          34   1287.2894963483707     
          35   1264.1177681157881     
          36   1240.5726050448834     
          37   1216.6843986792762     
          38   1192.4849920452389     
          39   1168.0077802491912     
          40   1143.2876520071561     
          41   1118.3609272271510     
          42   1093.2653221314986     
          43   1068.0398979593590     
          44   1042.7250080400981     
          45   1017.3621932295371     
          46   991.99404780991415     
          47   966.66412002541506     
          48   941.41684093434469     
          49   916.29735784655361     
          50   891.35137763021351     
          51   866.62500148444906     
          52   842.16451842628612     
          53   818.01625286222873     
          54   794.22635850232064     
          55   770.84060331624198     
          56   747.90417904549236     
          57   725.46147040455048     
          58   703.55582193946464     
          59   682.22933175848914     
          60   661.52262434654199     
          61   641.47466423538208     
          62   622.12251770457954     
          63   603.50113151993958     
          64   585.64321153789047     
          65   568.57902674057868     
          66   552.33624680135347     
          67   536.93979113875332     
          68   522.41172896279920     
          69   508.77114525971029     
          70   496.03402908701486     
          71   484.21329065671551     
          72   473.31866968980239     
          73   463.35670653745871     
          74   454.33083572293964     
          75   446.24128454386425     
          76   439.08515857270334     
          77   432.85658986919844     
          78   427.54675289780141     
          79   423.14397148319517     
          80   419.63384706346278     
          81   416.99940762038517     
          82   415.22120265136880     
          83   414.27748689476692     
          84   414.14443419381251     
          85   414.79626956391581     
          86   416.20543318745121     
          87   418.34278080160766     
          88   421.17775173500286     
          89   424.67856701580280     
          90   428.81240781809510     
          91   433.54557837114959     
          92   438.84371531387501     
          93   444.67196451151472     
          94   450.99510833646758     
          95   457.77773132797023     
          96   464.98440793128515     
          97   472.57978412543611     
          98   480.52874559266536     
          99   488.79659380077430     
         100   497.34907066648776     
         101   506.15249448799403     
         102   515.17390482030714     
         103   524.38108071057945     
         104   533.74264130414235     
         105   543.22819112719992     
         106   552.80829628705476     
         107   562.45451242670003     
         108   572.13951954998981     
         109   581.83714643461064     
         110   591.52235387045994     
         111   601.17127252497357     
         112   610.76124454104865     
         113   620.27082164088631     
         114   629.67976707761193     
         115   638.96905334933513     
         116   648.12087941016955     
         117   657.11868492243082     
         118   665.94707963876613     
         119   674.59186938462256     
         120   683.04006882370572     
         121   691.27976110220152     
         122   699.30017495883942     
         123   707.09167446953654     
         124   714.64568456341226     
         125   721.95471554881874     
         126   729.01232009532885     
         127   735.81302823349154     
         128   742.35231073601062     
         129   748.62661090187351     
         130   754.63322909087742     
         131   760.37034125721982     
         132   765.83698875838945     
         133   771.03300672236662     
         134   775.95901400813830     
         135   780.61637963878320     
         136   785.00711552391465     
         137   789.13388314892313     
         138   793.00004134550511     
         139   796.60953704627741     
         140   799.96685011497800     
         141   803.07695732177399     
         142   805.94539819405963     
         143   808.57816091438679     
         144   810.98162879015968     
         145   813.16256654156064     
         146   815.12806350710287     
         147   816.88556266437161     
         148   818.44278363270564     
         149   819.80768757731846     
         150   820.98846096368152     
         151   821.99350140343449     
         152   822.83130838514478     
         153   823.51048341785713     
         154   824.03972899226801     
         155   824.42785170144293     
         156   824.68365389925054     
         157   824.81586357724984     
         158   824.83323348382942     
         159   824.74450384155432     
         160   824.55831512100440     
         161   824.28315218987370     
         162   823.92743032681608     
         163   823.49944138036096     
         164   823.00731378238106     
         165   822.45896931554717     
         166   821.86211032436711     
         167   821.22430851422644     
         168   820.55295243584328     
         169   819.85513692327777     
         170   819.13771300255075     
         171   818.40731215336768     
         172   817.67031714593122     
         173   816.93289648449581     
         174   816.20099729794003     
         175   815.48027783089105     
         176   814.77612779479057     
         177   814.09372553302774     
         178   813.43803819474101     
         179   812.81380605147842     
         180   812.22553185774734     
         181   811.67750085115324     
         182   811.17375736489021     
         183   810.71817824010952     
         184   810.31439732177762     
         185   809.96579490309557     
         186   809.67561304805781     
         187   809.44690825130795     
         188   809.28247934403646     
         189   809.18494058734120     
         190   809.15674925760698     
         191   809.20022030057805     
         192   809.31750658958356     
         193   809.51052690740573     
         194   809.78104211639948     
         195   810.13063086794466     
         196   810.56074397588577     
         197   811.07262420932000     
         198   811.66729436770549     
         199   812.34569191108517     
         200   813.10852247038247     
         201   813.95631195516819     
         202   814.88942768401068     
         203   815.90802926104641     
         204   817.01213615017673     
         205   818.20156706693865     
         206   819.47592608354512     
         207   820.83468130281608     
         208   822.27715305505217     
         209   823.80239296981154     
         210   825.40926511513464     
         211   827.09654379383755     
         212   828.86280656794270     
         213   830.70643764674116     
         214   832.62566999054957     
         215   834.61857369343625     
         216   836.68307684944693     
         217   838.81696967805829     
         218   841.01790515008429     
         219   843.28336813211479     
         220   845.61068972530325     
         221   847.99714778023133     
         222   850.43988689520302     
         223   852.93593018322485     
         224   855.48227811694267     
         225   858.07579743124325     
         226   860.71320700300021     
         227   863.39114555944514     
         228   866.10618460379999     
         229   868.85484244293571     
         230   871.63353878875159     
         231   874.43867628092835     
         232   877.26661254850160     
         233   880.11359421603993     
         234   882.97584933132589     
         235   885.84955695064639     
         236   888.73085008994985     
         237   891.61584217751135     
         238   894.50059429944497     
         239   897.38111152117494     
         240   900.25341299371360     
         241   903.11352576223828     
         242   905.95747089673182     
         243   908.78124832535354     
         244   911.58082238080056     
         245   914.35214244854512     
         246   917.09121416746848     
         247   919.79411543880474     
         248   922.45693315248866     
         249   925.07576922857186     
         250   927.64674035691667     
         251   930.16601545527988     
         252   932.62985349128508     
         253   935.03458237507914     
         254   937.37657022074188     
         255   939.65229170465773     
         256   941.85835729850805     
         257   943.99146728921892     
         258   946.04841887497685     
         259   948.02611907778282     
         260   949.92163889741187     
         261   951.73220778895279     
         262   953.45515763333879     
         263   955.08797801760306     
         264   956.62833923416497     
         265   958.07410155395814     
         266   959.42327183619830     
         267   960.67405981603758     
         268   961.82489450021581     
         269   962.87439073402572     
         270   963.82134818806333     
         271   964.66471419684774     
         272   965.40367771705610     
         273   966.03768629425588     
         274   966.56638464158505     
         275   966.98962840937907     
         276   967.30747907207308     
         277   967.52011860458742     
         278   967.62796183091359     
         279   967.63172041442124     
         280   967.53223304298251     
         281   967.33048920832618     
         282   967.02770701213240     
         283   966.62528949493617     
         284   966.12481396274632     
         285   965.52801503639057     
         286   964.83678735879175     
         287   964.05317348567689     
         288   963.17932143343137     
         289   962.21751383337141     
         290   961.17018992065391     
         291   960.03990162842774     
         292   958.82923994073428     
         293   957.54089852860113     
         294   956.17766594111970     
         295   954.74240299918313     
         296   953.23808705333727     
         297   951.66770290846807     
         298   950.03433148736406     
         299   948.34110002835382     
         300   946.59113860699927     
         301   944.78761917047211     
         302   942.93378466763772     
         303   941.03291776698870     
         304   939.08830877095568     
         305   937.10331088912994     
         306   935.08128736463220     
         307   933.02558516470947     
         308   930.93959099166295     
         309   928.82671532150039     
         310   926.69038439450821     
         311   924.53409541313545     
         312   922.36134160066615     
         313   920.17556223774204     
         314   917.98020575034013     
         315   915.77873215261525     
         316   913.57453085881707     
         317   911.37098951708515     
         318   909.17154674763447     
         319   906.97959234430800     
         320   904.79849342561897     
         321   902.63154588407315     
         322   900.48195447471801     
         323   898.35291554907178     
         324   896.24754876130169     
         325   894.16892941980495     
         326   892.12002845145537     
         327   890.10371697893106     
         328   888.12283684071588     
         329   886.18010882853048     
         330   884.27814729258330     
         331   882.41948294489271     
         332   880.60657495811597     
         333   878.84175114203629     
         334   877.12717296023038     
         335   875.46488162104015     
         336   873.85688940621958     
         337   872.30508853632546     
         338   870.81119092123924     
         339   869.37681635473405     
         340   868.00347522004586     
         341   866.69259206456150     
         342   865.44539580120932     
         343   864.26296654396333     
         344   863.14634271655939     
         345   862.09640440647684     
         346   861.11388762384047     
         347   860.19939794972686     
         348   859.35341451091097     
         349   858.57628307914933     
         350   857.86816476831837     
         351   857.22910742957140     
         352   856.65904297993291     
         353   856.15775849235888     
         354   855.72486964653206     
         355   855.35984332667852     
         356   855.06202288601150     
         357   854.83060869418728     
         358   854.66466225077431     
         359   854.56309976156592     
         360   854.52468887763075     
         361   854.54805041293446     
         362   854.63167314888585     
         363   854.77388930220786     
         364   854.97290287042404     
         365   855.22681066205848     
         366   855.53358115794879     
         367   855.89108356181146     
         368   856.29708339232639     
         369   856.74925083577591     
         370   857.24518882748816     
         371   857.78243516922043     
         372   858.35848020874869     
         373   858.97071326879029     
         374   859.61646500590280     
         375   860.29307440984155     
         376   860.99789509266600     
         377   861.72827192911552     
         378   862.48148531212371     
         379   863.25488020689625     
         380   864.04587710292174     
         381   864.85191448731098     
         382   865.67046317983466     
         383   866.49903598069250     
         384   867.33526139682772     
         385   868.17681256704316     
         386   869.02145198023095     
         387   869.86707092889617     
         388   870.71161407895011     
         389   871.55311759342385     
         390   872.38970400589255     
         391   873.21960156569867     
         392   874.04115468161262     
         393   874.85279687317291     
         394   875.65309264135703     
         395   876.44071735193052     
         396   877.21444308498974     
         397   877.97314827546927     
         398   878.71580774538620     
         399   879.44149626773265     
         400   880.14935253794579     
         401   880.83865662996197     
         402   881.50881023772024     
         403   882.15927732624323     
         404   882.78958431598426     
         405   883.39940671987233     
         406   883.98851193753683     
         407   884.55668319146116     
         408   885.10378904531092     
         409   885.62976740453018     
         410   886.13460911701475     
         411   886.61837577467452     
         412   887.08123739856262     
         413   887.52339450472698     
         414   887.94502352547966     
         415   888.34644385222998     
         416   888.72803053939754     
         417   889.09010448187576     
         418   889.43305796531320     
         419   889.75733576331902     
         420   890.06337913697200     
         421   890.35161943297737     
         422   890.62253489377372     
         423   890.87660582175715     
         424   891.11429247370063     
         425   891.33607529865242     
         426   891.54244145442419     
         427   891.73381280849424     
         428   891.91058701580801     
         429   892.07315167071897     
         430   892.22184574947869     
         431   892.35698245387050     
         432   892.47885769030381     
         433   892.58768402626754     
         434   892.68363676889055     
         435   892.76686044907467     
         436   892.83746204033946     
         437   892.89549542038810     
         438   892.94095590328186     
         439   892.97381456420635     
         440   892.99391182649322     
         441   893.00109716710597     
         442   892.99520727048457     
         443   892.97602763884765     
         444   892.94330619292464     
         445   892.89668110229809     
         446   892.83579080096763     
         447   892.76026219624907     
         448   892.66964477563226     
         449   892.56352006569489     
         450   892.44148688557152     
         451   892.30309594006553     
         452   892.14787639694509     
         453   891.97537686025544     
         454   891.78516496868860     
         455   891.57686666295479     
         456   891.35017767216345     
         457   891.10478822828918     
         458   890.84038488272074     
         459   890.55671872901667     
         460   890.25360922158688     
         461   889.93100411767944     
         462   889.58891527503522     
         463   889.22735575868285     
         464   888.84645587160355     
         465   888.44648616677080     
         466   888.02784917134977     
         467   887.59098731684514     
         468   887.13641862503471     
         469   886.66479280668079     
         470   886.17686335416420     
         471   885.67350869799327     
         472   885.15571551425842     
         473   884.62459304713173     
         474   884.08139806857184     
         475   883.52747037988661     
         476   882.96418721383520     
         477   882.39305658009278     
         478   881.81566411787981     
         479   881.23365757831652     
         480   880.64876477609403     
         481   880.06276695186568     
         482   879.47757154983753     
         483   878.89512584197166     
         484   878.31733092573563     
         485   877.74603274880360     
         486   877.18312674540482     
         487   876.63058471033571     
         488   876.09029539751657     
         489   875.56403752780591     
         490   875.05356934853398     
         491   874.56064865953431     
         492   874.08698257523463     
         493   873.63413154222008     
         494   873.20352797772330     
         495   872.79651442055069     
         496   872.41434078030420     
         497   872.05813575312936     
         498   871.72882152753402     
         499   871.42720400904739     
         500   871.15400861384501     
         501   870.90981486767487     
         502   870.69509243548839     
         503   870.51017371369369     
         504   870.35518110588737     
         505   870.23013227150102     
         506   870.13493258686287     
         507   870.06934367779422     
         508   870.03305387420221     
         509   870.02561749083179     
         510   870.04650813518072     
         511   870.09512122506499     
         512   870.17071649079514     
         513   870.27252274961234     
         514   870.39970506224324     
         515   870.55137049191774     
         516   870.72660990483519     
         517   870.92448998562440     
         518   871.14403537084650     
         519   871.38420340510049     
         520   871.64397106440811     
         521   871.92237080776124     
         522   872.21841237347837     
         523   872.53106109691987     
         524   872.85932461909113     
         525   873.20222766346626     
         526   873.55882242726364     
         527   873.92823167162612     
         528   874.30956426922216     
         529   874.70196427306303     
         530   875.10462873764300     
         531   875.51673999853745     
         532   875.93751380212200     
         533   876.36627315264127     
         534   876.80232278808319     
         535   877.24498372726032     
         536   877.69365638451029     
         537   878.14775898676339     
         538   878.60671053383942     
         539   879.06997973097020     
         540   879.53709761359801     
         541   880.00760019664710     
         542   880.48096234242655     
         543   880.95665792838929     
         544   881.43426282916880     
         545   881.91333740074583     
         546   882.39345834775247     
         547   882.87418596397913     
         548   883.35507829318840     
         549   883.83566373201427     
         550   884.31544034788101     
         551   884.79394886669274     
         552   885.27064743632980     
         553   885.74495761246203     
         554   886.21629571510368     
         555   886.68404983797302     
         556   887.14755962801064     
         557   887.60611260689313     
         558   888.05898102447736     
         559   888.50541496764617     
         560   888.94459580717944     
         561   889.37564660094745     
         562   889.79770582990943     
         563   890.20982223674889     
         564   890.61098704603933     
         565   891.00021384921536     
         566   891.37652780483506     
         567   891.73891276080383     
         568   892.08632044145020     
         569   892.41768466166036     
         570   892.73193852385589     
         571   893.02803687494077     
         572   893.30490685804307     
         573   893.56151534544574     
         574   893.79683204868468     
         575   894.00985824083466     
         576   894.19969436142219     
         577   894.36545065392204     
         578   894.50631168426708     
         579   894.62151462601832     
         580   894.71034003152306     
         581   894.77221688195891     
         582   894.80660966451762     
         583   894.81300576952356     
         584   894.79101048454470     
         585   894.74037904914883     
         586   894.66094977091200     
         587   894.55260439318465     
         588   894.41534980693712     
         589   894.24928693334789     
         590   894.05465023347574     
         591   893.83177784978659     
         592   893.58109341420004     
         593   893.30314188178841     
         594   892.99855432617392     
         595   892.66806297878202     
         596   892.31248469354205     
         597   891.93268734608591     
         598   891.52960676215696     
         599   891.10425724658171     
         600   890.65768635422216     
         601   890.19102194125537     
         602   889.70547137195013     
         603   889.20225823095882     
         604   888.68260952314404     
         605   888.14779942451514     
         606   887.59915717415436     
         607   887.03798145310384     
         608   886.46554838222073     
         609   885.88316162765443     
         610   885.29218137684279     
         611   884.69396552341107     
         612   884.08986017101654     
         613   883.48121885738681     
         614   882.86931892080349     
         615   882.25545559710179     
         616   881.64095733229976     
         617   881.02710326521230     
         618   880.41511007874863     
         619   879.80622982048385     
         620   879.20175724643514     
         621   878.60295074264025     
         622   878.01103041535714     
         623   877.42722370189051     
         624   876.85278987400750     
         625   876.28892491926865     
         626   875.73685258076171     
         627   875.19779834483870     
         628   874.67297909977037     
         629   874.16363569136411     
         630   873.67096498285389     
         631   873.19615174375406     
         632   872.74039219803944     
         633   872.30485265830646     
         634   871.89068787566930     
         635   871.49902108923482     
         636   871.13092806026634     
         637   870.78746112182569     
         638   870.46967908861018     
         639   870.17862588438925     
         640   869.91526262592095     
         641   869.68052078645155     
         642   869.47529919243368     
         643   869.30044276822662     
         644   869.15677248958082     
         645   869.04505439925549     
         646   868.96596858336125     
         647   868.92016411842235     
         648   868.90820485800793     
         649   868.93058156373991     
         650   868.98775264366611     
         651   869.08012303655528     
         652   869.20797783342664     
         653   869.37152252326121     
         654   869.57096792505251     
         655   869.80646233593416     
         656   870.07803968261715     
         657   870.38566849477161     
         658   870.72926691732118     
         659   871.10868620446718     
         660   871.52374744272265     
         661   871.97419501489878     
         662   872.45964849807706     
         663   872.97964616509785     
         664   873.53371568168018     
         665   874.12128537531578     
         666   874.74171820699621     
         667   875.39433177222588     
         668   876.07835012320356     
         669   876.79291627908447     
         670   877.53708642104914     
         671   878.30987050381066     
         672   879.11020906918498     
         673   879.93695447483094     
         674   880.78885091608333     
         675   881.66455068206176     
         676   882.56266393386954     
         677   883.48175377571249     
         678   884.42025375462606     
         679   885.37651735238092     
         680   886.34886139387925     
         681   887.33547692039531     
         682   888.33444135493698     
         683   889.34384789462774     
         684   890.36173514552593     
         685   891.38596469845197     
         686   892.41437221672436     
         687   893.44475478752418     
         688   894.47480227928099     
         689   895.50217027855399     
         690   896.52447883474429     
         691   897.53925450164138     
         692   898.54397097847129     
         693   899.53612119233367     
         694   900.51317877720612     
         695   901.47259443226801     
         696   902.41179864990738     
         697   903.32822131473870     
         698   904.21928343257252     
         699   905.08237428341295     
         700   905.91493199420051     
         701   906.71450495526710     
         702   907.47863801034259     
         703   908.20491079803901     
         704   908.89099558226587     
         705   909.53459501978239     
         706   910.13357663471709     
         707   910.68586208421812     
         708   911.18948621109791     
         709   911.64259554109810     
         710   912.04340685080263     
         711   912.39030766306610     
         712   912.68177122993666     
         713   912.91644945113092     
         714   913.09314661794019     
         715   913.21080104910072     
         716   913.26847684885399     
         717   913.26538367594026     
         718   913.20095295365604     
         719   913.07474377874519     
         720   912.88644661023216     
         721   912.63600645192912     
         722   912.32346690396525     
         723   911.94897629322338     
         724   911.51292097014004     
         725   911.01582546490283     
         726   910.45840167703466     
         727   909.84150061774346     
         728   909.16609180688420     
         729   908.43334639758780     
         730   907.64456979655165     
         731   906.80120950253956     
         732   905.90485195835220     
         733   904.95723796583627     
         734   903.96025969155539     
         735   902.91594060361149     
         736   901.82641940277563     
         737   900.69396719141912     
         738   899.52098302450520     
         739   898.30996356947890     
         740   897.06359200136455     
         741   895.78461550766337     
         742   894.47586121576569     
         743   893.14027754858682     
         744   891.78091583751188     
         745   890.40088814948024     
         746   889.00338283769054     
         747   887.59167233047231     
         748   886.16906124576974     
         749   884.73890153553657     
         750   883.30456727317517     
         751   881.86951584237420     
         752   880.43716408837236     
         753   879.01090131892317     
         754   877.59415614873717     
         755   876.19031159107601     
         756   874.80274225700316     
         757   873.43477535737213     
         758   872.08969494941948     
         759   870.77068859868950     
         760   869.48081356521800     
         761   868.22306600432512     
         762   867.00035123549219     
         763   865.81548267493451     
         764   864.67109029919993     
         765   863.56966562659011     
         766   862.51360161087769     
         767   861.50513185630211     
         768   860.54632094288320     
         769   859.63908471163734     
         770   858.78519791122983     
         771   857.98626673782985     
         772   857.24373505480639     
         773   856.55883641177661     
         774   855.93266565649799     
         775   855.36617120932385     
         776   854.86011911084233     
         777   854.41511689331367     
         778   854.03159637245597     
         779   853.70988576471370     
         780   853.45013327501113     
         781   853.25231582698177     
         782   853.11631549905985     
         783   853.04185448750434     
         784   853.02852041793676     
         785   853.07579936317404     
         786   853.18300085179044     
         787   853.34928828767170     
         788   853.57376305868138     
         789   853.85548192607871     
         790   854.19334295897431     
         791   854.58612826336980     
         792   855.03252718803833     
         793   855.53107927137387     
         794   856.08029217079775     
         795   856.67860934630073     
         796   857.32439677563764     
         797   858.01589601053274     
         798   858.75133842428693     
         799   859.52891684934991     
         800   860.34673665852301     
         801   861.20280986710327     
         802   862.09508337201180     
         803   863.02149431188741     
         804   863.97994594971760     
         805   864.96832341954803     
         806   865.98446544109174     
         807   867.02616634381559     
         808   868.09120300396205     
         809   869.17735392484678     
         810   870.28241248656866     
         811   871.40416022298302     
         812   872.54028018675717     
         813   873.68848526947102     
         814   874.84657326629622     
         815   876.01232804976860     
         816   877.18353456147179     
         817   878.35804347365024     
         818   879.53375694109843     
         819   880.70861239387182     
         820   881.88060068606774     
         821   883.04777209694214     
         822   884.20822793647574     
         823   885.36012267809326     
         824   886.50169607041596     
         825   887.63128857564243     
         826   888.74731482998322     
         827   889.84827507287218     
         828   890.93279939584750     
         829   891.99958567883630     
         830   893.04744076955819     
         831   894.07526450850355     
         832   895.08199640128225     
         833   896.06672189053279     
         834   897.02868700146212     
         835   897.96716630220919     
         836   898.88153398345821     
         837   899.77128543638298     
         838   900.63597285564174     
         839   901.47520115145096     
         840   902.28861461584029     
         841   903.07600202692151     
         842   903.83722757580085     
         843   904.57215193190086     
         844   905.28067842010978     
         845   905.96278367831451     
         846   906.61850660346852     
         847   907.24789581223786     
         848   907.85104474391471     
         849   908.42809467394329     
         850   908.97914295142562     
         851   909.50425322297122     
         852   910.00350355123931     
         853   910.47706677962799     
         854   910.92510849960843     
         855   911.34778558219318     
         856   911.74523186948647     
         857   912.11753119028958     
         858   912.46483521737230     
         859   912.78737180842791     
         860   913.08530862901478     
         861   913.35873794848817     
         862   913.60778787261609     
         863   913.83260105604654     
         864   914.03329982878586     
         865   914.21005176629808     
         866   914.36303948302623     
         867   914.49235158723081     
         868   914.59805987991206     
         869   914.68022858593247     
         870   914.73897750074968     
         871   914.77442600135157     
         872   914.78661645899592     
         873   914.77559115933445     
         874   914.74139839914210     
         875   914.68410900607319     
         876   914.60373597260650     
         877   914.50026094189639     
         878   914.37368921676921     
         879   914.22398908909702     
         880   914.05109136588817     
         881   913.85494893190400     
         882   913.63552569270882     
         883   913.39276490663372     
         884   913.12661075467156     
         885   912.83696457995109     
         886   912.52375887611072     
         887   912.18693780101387     
         888   911.82641105065011     
         889   911.44210883297944     
         890   911.03390950295613     
         891   910.60178087978932     
         892   910.14573132158773     
         893   909.66570636506583     
         894   909.16171092618094     
         895   908.63378218282799     
         896   908.08199957123816     
         897   907.50646555578419     
         898   906.90730598904247     
         899   906.28469390478676     
         900   905.63885566877809     
         901   904.97006128072826     
         902   904.27862676081747     
         903   903.56487500377079     
         904   902.82917003165892     
         905   902.07199426420334     
         906   901.29384988528909     
         907   900.49528290497358     
         908   899.67690874741936     
         909   898.83941421586451     
         910   897.98356025920759     
         911   897.11015075806972     
         912   896.22007154704590     
         913   895.31428494375018     
         914   894.39381384555531     
         915   893.45973681337784     
         916   892.51316836467129     
         917   891.55529891849540     
         918   890.58741998453263     
         919   889.61088501643007     
         920   888.62710457503943     
         921   887.63757250817139     
         922   886.64385190392147     
         923   885.64757695717947     
         924   884.65037292137708     
         925   883.65390931794173     
         926   882.65995437100355     
         927   881.67039925125221     
         928   880.68716251410444     
         929   879.71212590824950     
         930   878.74720612110480     
         931   877.79436617965791     
         932   876.85562077862278     
         933   875.93292186406131     
         934   875.02826788215395     
         935   874.14368459466050     
         936   873.28117107580113     
         937   872.44270175285294     
         938   871.63020242938967     
         939   870.84554068132582     
         940   870.09053198662502     
         941   869.36694061422054     
         942   868.67645039479794     
         943   868.02068323951926     
         944   867.40118494746503     
         945   866.81937526046363     
         946   866.27649651163870     
         947   865.77369889625902     
         948   865.31206987039377     
         949   864.89249600459232     
         950   864.51572358329054     
         951   864.18236291059793     
         952   863.89283722391349     
         953   863.64739860022564     
         954   863.44616670379366     
         955   863.28908801427019     
         956   863.17596612358784     
         957   863.10641037812468     
         958   863.07981532899464     
         959   863.09553346447865     
         960   863.15267071663084     
         961   863.25014688274518     
         962   863.38680811306529     
         963   863.56134887300402     
         964   863.77232765694021     
         965   864.01823272530430     
         966   864.29740551861084     
         967   864.60802139275108     
         968   864.94822592955779     
         969   865.31610160587434     
         970   865.70966486580937     
         971   866.12691059769554     
         972   866.56576976996701     
         973   867.02413741333578     
         974   867.49990788667469     
         975   867.99092442058623     
         976   868.49505638994515     
         977   869.01021168957618     
         978   869.53431651098856     
         979   870.06532669764511     
         980   870.60123531456168     
         981   871.14009776222144     
         982   871.67998800749979     
         983   872.21906091334779     
         984   872.75555118956424     
         985   873.28770525451819     
         986   873.81390895760728     
         987   874.33263474154444     
         988   874.84235794118433     
         989   875.34161383855690     
         990   875.82903100024453     
         991   876.30336676578793     
         992   876.76342765184688     
         993   877.20801318495842     
         994   877.63602394598956     
         995   878.04643833221166     
         996   878.43822492489210     
         997   878.81042909051621     
         998   879.16217693067279     
         999   879.49264499459048     
        1000   879.80099536887974     
=======
           0   692.96129881964487     
           1   692.50728758375612     
           2   691.75085484076612     
           3   690.69233458644635     
           4   689.33217581724966     
           5   687.67094716032841     
           6   685.70934278450204     
           7   683.44818958445785     
           8   680.88846587698322     
           9   678.03135297468191     
          10   674.87825938492460     
          11   671.43076234102239     
          12   667.69058348056342     
          13   663.65957957660635     
          14   659.33978592195194     
          15   654.73350421911221     
          16   649.84324647245967     
          17   644.67182510871510     
          18   639.22228059733641     
          19   633.49794479952595     
          20   627.50255994730412     
          21   621.24016481111369     
          22   614.71521743123481     
          23   607.93261708240993     
          24   600.89766806847445     
          25   593.61608195095198     
          26   586.09402915330816     
          27   578.33819764320936     
          28   570.35580287501068     
          29   562.15456141775610     
          30   553.74275136490178     
          31   545.12922341498336     
          32   536.32342707207749     
          33   527.33541824006261     
          34   518.17583280283861     
          35   508.85594069250953     
          36   499.38765392000090     
          37   489.78350357605859     
          38   480.05664592891424     
          39   470.22086510821856     
          40   460.29052585246910     
          41   450.28059466737437     
          42   440.20661430515520     
          43   430.08467848052550     
          44   419.93137578764305     
          45   409.76375736231779     
          46   399.59931640455738     
          47   389.45591568665833     
          48   379.35171862983873     
          49   369.30512990261985     
          50   359.33474572715193     
          51   349.45926974961861     
          52   339.69742349248810     
          53   330.06787258252785     
          54   320.58914849306643     
          55   311.27954662819576     
          56   302.15703900808052     
          57   293.23918057654964     
          58   284.54302892480064     
          59   276.08505418471123     
          60   267.88101002435553     
          61   259.94587662904689     
          62   252.29380332813287     
          63   244.93800447219309     
          64   237.89068886628706     
          65   231.16301486136189     
          66   224.76502705199707     
          67   218.70559706631278     
          68   212.99240341176966     
          69   207.63187734682506     
          70   202.62919050743966     
          71   197.98827022948794     
          72   193.71175922500254     
          73   189.80102476529350     
          74   186.25620370645373     
          75   183.07621061376523     
          76   180.25875947288330     
          77   177.80040981583832     
          78   175.69659979851150     
          79   173.94170819746023     
          80   172.52911608874069     
          81   171.45125474661862     
          82   170.69966742546853     
          83   170.26511530079384     
          84   170.13760658897922     
          85   170.30645269526073     
          86   170.76037081398437     
          87   171.48755157585748     
          88   172.47573480520171     
          89   173.71227422366073     
          90   175.18420454397310     
          91   176.87831135013721     
          92   178.78120875685676     
          93   180.87939508136483     
          94   183.15930802899388     
          95   185.60739130945404     
          96   188.21013460032685     
          97   190.95413087152426     
          98   193.82614488648645     
          99   196.81312677874431     
         100   199.90225884777729     
         101   203.08100999930437     
         102   206.33715720090902     
         103   209.65880322741424     
         104   213.03441914049264     
         105   216.45289414563376     
         106   219.90350176165541     
         107   223.37592268226604     
         108   226.86030084607196     
         109   230.34721640893903     
         110   233.82771136821421     
         111   237.29331004486403     
         112   240.73598504842187     
         113   244.14818374174968     
         114   247.52284327583678     
         115   250.85335718497123     
         116   254.13358031927828     
         117   257.35782712662734     
         118   260.52086938818502     
         119   263.61793547220503     
         120   266.64468524040041     
         121   269.59718429291308     
         122   272.47193680730140     
         123   275.26585717014569     
         124   277.97621706536398     
         125   280.60068741180106     
         126   283.13730943956546     
         127   285.58447663527051     
         128   287.94092956311522     
         129   290.20570756895557     
         130   292.37818239759986     
         131   294.45805167495416     
         132   296.44525498042947     
         133   298.33999865846312     
         134   300.14277987487492     
         135   301.85433734036286     
         136   303.47564067947724     
         137   305.00786408011209     
         138   306.45239394195755     
         139   307.81086459765788     
         140   309.08504440265483     
         141   310.27684596597942     
         142   311.38838575011857     
         143   312.42191434517002     
         144   313.37982303470403     
         145   314.26463809009380     
         146   315.07899794063684     
         147   315.82565183593243     
         148   316.50745247734591     
         149   317.12732081066031     
         150   317.68825757751483     
         151   318.19335223456665     
         152   318.64573425671125     
         153   319.04859578506563     
         154   319.40517878727894     
         155   319.71871848318307     
         156   319.99252652392124     
         157   320.22990318756382     
         158   320.43411207803649     
         159   320.60844077838237     
         160   320.75616835702090     
         161   320.88057792630019     
         162   320.98489526770612     
         163   321.07228925899830     
         164   321.14590734431670     
         165   321.20884735148860     
         166   321.26410510430821     
         167   321.31461061273546     
         168   321.36326391753533     
         169   321.41286187087695     
         170   321.46610359392076     
         171   321.52561023850353     
         172   321.59389010402828     
         173   321.67332510392140     
         174   321.76616700379708     
         175   321.87456350094408     
         176   322.00057613039655     
         177   322.14612357716470     
         178   322.31299066200103     
         179   322.50287278157589     
         180   322.71727642028929     
         181   322.95755136333031     
         182   323.22495522533052     
         183   323.52061529017470     
         184   323.84549346999398     
         185   324.20042891784362     
         186   324.58615079273460     
         187   325.00321636011023     
         188   325.45204291481713     
         189   325.93294088867503     
         190   326.44607719065641     
         191   326.99151305131198     
         192   327.56918762748438     
         193   328.17894434381310     
         194   328.82051853058113     
         195   329.49350290013768     
         196   330.19741941793239     
         197   330.93171724876674     
         198   331.69574205577629     
         199   332.48871805296005     
         200   333.30980804883734     
         201   334.15812929539510     
         202   335.03272474528228     
         203   335.93254432051918     
         204   336.85650191169015     
         205   337.80349052034575     
         206   338.77234086301456     
         207   339.76184281045425     
         208   340.77074139115166     
         209   341.79773325558995     
         210   342.84149925370576     
         211   343.90069126807589     
         212   344.97394577784172     
         213   346.05989472273080     
         214   347.15714597512408     
         215   348.26426998956026     
         216   349.37984757220772     
         217   350.50246928324697     
         218   351.63070770519511     
         219   352.76312345132374     
         220   353.89826359291601     
         221   355.03472459619172     
         222   356.17111489044407     
         223   357.30598952179020     
         224   358.43792485410620     
         225   359.56551915277043     
         226   360.68736793917941     
         227   361.80210789911450     
         228   362.90837842859662     
         229   364.00483490546338     
         230   365.09013587240639     
         231   366.16295584648793     
         232   367.22202760728271     
         233   368.26610185698729     
         234   369.29395961939281     
         235   370.30440902041676     
         236   371.29627450654090     
         237   372.26841925194839     
         238   373.21972665437841     
         239   374.14911681504020     
         240   375.05557834096550     
         241   375.93812515509609     
         242   376.79580161344222     
         243   377.62773046535756     
         244   378.43307183562530     
         245   379.21103161629185     
         246   379.96087937087640     
         247   380.68194321460788     
         248   381.37359710754851     
         249   382.03525587518698     
         250   382.66640343375792     
         251   383.26658296883340     
         252   383.83543301246533     
         253   384.37263917105469     
         254   384.87792992195921     
         255   385.35112991224548     
         256   385.79210385885187     
         257   386.20077460543149     
         258   386.57717221628513     
         259   386.92140083256658     
         260   387.23358782331445     
         261   387.51393398839679     
         262   387.76272943989670     
         263   387.98028689865600     
         264   388.16694868837607     
         265   388.32314112261196     
         266   388.44933909588912     
         267   388.54604285920351     
         268   388.61383841608551     
         269   388.65335478134534     
         270   388.66521468713518     
         271   388.65008228832454     
         272   388.60866476765136     
         273   388.54165787021179     
         274   388.44976235133151     
         275   388.33368501002008     
         276   388.19413417021212     
         277   388.03182276115729     
         278   387.84747990260695     
         279   387.64182899689234     
         280   387.41554287964789     
         281   387.16925035266701     
         282   386.90358085950521     
         283   386.61913144886080     
         284   386.31644615101862     
         285   385.99609144599924     
         286   385.65858449719792     
         287   385.30436333543793     
         288   384.93387142661811     
         289   384.54753076649462     
         290   384.14570512223924     
         291   383.72873020559189     
         292   383.29690949765023     
         293   382.85050512028374     
         294   382.38978352184006     
         295   381.91502326583480     
         296   381.42645010491879     
         297   380.92428271589114     
         298   380.40876401883122     
         299   379.88008557882637     
         300   379.33842948022499     
         301   378.78399647566113     
         302   378.21702491001690     
         303   377.63777605326760     
         304   377.04647745437734     
         305   376.44337123590799     
         306   375.82874712538268     
         307   375.20291644426419     
         308   374.56618817925357     
         309   373.91887676488392     
         310   373.26136786293773     
         311   372.59405105717610     
         312   371.91729520758264     
         313   371.23152099674536     
         314   370.53719368345145     
         315   369.83480406224925     
         316   369.12485686417409     
         317   368.40786330585007     
         318   367.68434317512202     
         319   366.95480922195105     
         320   366.21979075254927     
         321   365.47986620561687     
         322   364.73562899437826     
         323   363.98766315349354     
         324   363.23656828121398     
         325   362.48298199070751     
         326   361.72758765517625     
         327   360.97106977544570     
         328   360.21410081465177     
         329   359.45736565108643     
         330   358.70157020889212     
         331   357.94744637537519     
         332   357.19572898492430     
         333   356.44718631683946     
         334   355.70260366773647     
         335   354.96278842289763     
         336   354.22855801310357     
         337   353.50075057710808     
         338   352.78023112227743     
         339   352.06786460181473     
         340   351.36455538971853     
         341   350.67124165529958     
         342   349.98886346892090     
         343   349.31836000223439     
         344   348.66066859928213     
         345   348.01673445524517     
         346   347.38752978588741     
         347   346.77402335931328     
         348   346.17716699690118     
         349   345.59790613588098     
         350   345.03717903898126     
         351   344.49593730739326     
         352   343.97509086122653     
         353   343.47551493782413     
         354   342.99804758803384     
         355   342.54349654883447     
         356   342.11263524900284     
         357   341.70618892836023     
         358   341.32484001814129     
         359   340.96921841462387     
         360   340.63989823236841     
         361   340.33736042699559     
         362   340.06205307344089     
         363   339.81434808902571     
         364   339.59452352879498     
         365   339.40279014564942     
         366   339.23929463196106     
         367   339.10413438408631     
         368   338.99729820374080     
         369   338.91863067743577     
         370   338.86791511766262     
         371   338.84486995919332     
         372   338.84912027651171     
         373   338.88021218004786     
         374   338.93759982531384     
         375   339.02068725538311     
         376   339.12878044964953     
         377   339.26110546994880     
         378   339.41682199747265     
         379   339.59499424683730     
         380   339.79463522430461     
         381   340.01471291085517     
         382   340.25412425420149     
         383   340.51170165336197     
         384   340.78622476478034     
         385   341.07645076051682     
         386   341.38110624772565     
         387   341.69887383123603     
         388   342.02845580229399     
         389   342.36858954372832     
         390   342.71795836767927     
         391   343.07520259447870     
         392   343.43900844138687     
         393   343.80810212284081     
         394   344.18124744657655     
         395   344.55722330445673     
         396   344.93483271309697     
         397   345.31294967766462     
         398   345.69049577135286     
         399   346.06644623323973     
         400   346.43986714405378     
         401   346.80988733366036     
         402   347.17566675719542     
         403   347.53648933347637     
         404   347.89171522443831     
         405   348.24073287540421     
         406   348.58302698173151     
         407   348.91816079689863     
         408   349.24580188196677     
         409   349.56568183381364     
         410   349.87758211845897     
         411   350.18138779954904     
         412   350.47703939611978     
         413   350.76452729247342     
         414   351.04391470132481     
         415   351.31528833180738     
         416   351.57879998883908     
         417   351.83466062710414     
         418   352.08311821595242     
         419   352.32442855079364     
         420   352.55887724944415     
         421   352.78679316180927     
         422   353.00852084189171     
         423   353.22439678938940     
         424   353.43473970530715     
         425   353.63986778004920     
         426   353.84011185052879     
         427   354.03580813274408     
         428   354.22724892760311     
         429   354.41470635254910     
         430   354.59842770766738     
         431   354.77861574125961     
         432   354.95542007939287     
         433   355.12896415153546     
         434   355.29938782934738     
         435   355.46680058956878     
         436   355.63125762255180     
         437   355.79276990249627     
         438   355.95126625672157     
         439   356.10669403008740     
         440   356.25898338653428     
         441   356.40798297654754     
         442   356.55351891371788     
         443   356.69539905970873     
         444   356.83342203911718     
         445   356.96737098126204     
         446   357.09697367108578     
         447   357.22196312151470     
         448   357.34206886712826     
         449   357.45696221010127     
         450   357.56635994110934     
         451   357.66996224008437     
         452   357.76746293409587     
         453   357.85854819831764     
         454   357.94289850763670     
         455   358.02023076854596     
         456   358.09027264776279     
         457   358.15276600100538     
         458   358.20743670132879     
         459   358.25407265797469     
         460   358.29247037733899     
         461   358.32240024816963     
         462   358.34368683838994     
         463   358.35621043300961     
         464   358.35987677342291     
         465   358.35460662251626     
         466   358.34034199050171     
         467   358.31701851668311     
         468   358.28458545106054     
         469   358.24307863768541     
         470   358.19256622776999     
         471   358.13311785979460     
         472   358.06485036058643     
         473   357.98788618588719     
         474   357.90238323132456     
         475   357.80854197031925     
         476   357.70656463190613     
         477   357.59662464794201     
         478   357.47892381821282     
         479   357.35375331550262     
         480   357.22139878972160     
         481   357.08214649678274     
         482   356.93632476526875     
         483   356.78422386554774     
         484   356.62616000307412     
         485   356.46250706338174     
         486   356.29361826208054     
         487   356.11985860048384     
         488   355.94161829587063     
         489   355.75928783154643     
         490   355.57325823554936     
         491   355.38394121854526     
         492   355.19176044187537     
         493   354.99713238859914     
         494   354.80047739911362     
         495   354.60224340645226     
         496   354.40289350532441     
         497   354.20288900248840     
         498   354.00270120977524     
         499   353.80279927565130     
         500   353.60364781796670     
         501   353.40576378265200     
         502   353.20966821083272     
         503   353.01585321067529     
         504   352.82485116875313     
         505   352.63720681806512     
         506   352.45346673054797     
         507   352.27419118239072     
         508   352.09995126134652     
         509   351.93134093039060     
         510   351.76893237848458     
         511   351.61331856342349     
         512   351.46513705473052     
         513   351.32498053585954     
         514   351.19341831235670     
         515   351.07104822548933     
         516   350.95847753778713     
         517   350.85627224297218     
         518   350.76499553231042     
         519   350.68521915720873     
         520   350.61748289932518     
         521   350.56230043843487     
         522   350.52015909268374     
         523   350.49151500279424     
         524   350.47680765355091     
         525   350.47644226126152     
         526   350.49077072448023     
         527   350.52014222720027     
         528   350.56482865659655     
         529   350.62503913000739     
         530   350.70097372751775     
         531   350.79277125750184     
         532   350.90052740125253     
         533   351.02428896497906     
         534   351.16402376989140     
         535   351.31964780835546     
         536   351.49104219285181     
         537   351.67799155166171     
         538   351.88022360413368     
         539   352.09742708286961     
         540   352.32922550249282     
         541   352.57519521773827     
         542   352.83486656346020     
         543   353.10777080128497     
         544   353.39336859490737     
         545   353.69102035333350     
         546   354.00003712735696     
         547   354.31971037712481     
         548   354.64931939612768     
         549   354.98810064335555     
         550   355.33524195167331     
         551   355.68993167816029     
         552   356.05136508095876     
         553   356.41866250338029     
         554   356.79095352555254     
         555   357.16739042272314     
         556   357.54709040443572     
         557   357.92917921451277     
         558   358.31279132767844     
         559   358.69704291136486     
         560   359.08104198425582     
         561   359.46397133301667     
         562   359.84500173978341     
         563   360.22327336040115     
         564   360.59802143672511     
         565   360.96848180310155     
         566   361.33385290321621     
         567   361.69339141057878     
         568   362.04639128778291     
         569   362.39215841436334     
         570   362.73004564134300     
         571   363.05944699691474     
         572   363.37974172741860     
         573   363.69033088595592     
         574   363.99068203110710     
         575   364.28030699333181     
         576   364.55875468366116     
         577   364.82556210424229     
         578   365.08029811923893     
         579   365.32260875254377     
         580   365.55217040437918     
         581   365.76870686486478     
         582   365.97195970518652     
         583   366.16170200087652     
         584   366.33775904701105     
         585   366.50000331302545     
         586   366.64833546016314     
         587   366.78268106841188     
         588   366.90301503004304     
         589   367.00936945455749     
         590   367.10185996484176     
         591   367.18062322021541     
         592   367.24577545235860     
         593   367.29752755794135     
         594   367.33615048945666     
         595   367.36191605034986     
         596   367.37514191808089     
         597   367.37616522491163     
         598   367.36537209480042     
         599   367.34319616065062     
         600   367.31007308936449     
         601   367.26644599186739     
         602   367.21279398660050     
         603   367.14962607465702     
         604   367.07746305801624     
         605   366.99683412330614     
         606   366.90826394123923     
         607   366.81227400153745     
         608   366.70941435368735     
         609   366.60020825033564     
         610   366.48512791274641     
         611   366.36464963720528     
         612   366.23922494288496     
         613   366.10928032497975     
         614   365.97521700390445     
         615   365.83736934438446     
         616   365.69606982108456     
         617   365.55161966131357     
         618   365.40422498318139     
         619   365.25405354660580     
         620   365.10123572239468     
         621   364.94586534811987     
         622   364.78801762354237     
         623   364.62772738571482     
         624   364.46494846051041     
         625   364.29955936690226     
         626   364.13145400215654     
         627   363.96045713620953     
         628   363.78632318093128     
         629   363.60883201260003     
         630   363.42771214347357     
         631   363.24265784695433     
         632   363.05333018984925     
         633   362.85936131524403     
         634   362.66040245226537     
         635   362.45609154131273     
         636   362.24604626632009     
         637   362.02991836022142     
         638   361.80733231755357     
         639   361.57791027617026     
         640   361.34130642699330     
         641   361.09719300630383     
         642   360.84526512941704     
         643   360.58520565371339     
         644   360.31675437381034     
         645   360.03970581148161     
         646   359.75386032125351     
         647   359.45902788055912     
         648   359.15505972217932     
         649   358.84186737724770     
         650   358.51938513148298     
         651   358.18757570109477     
         652   357.84645836073480     
         653   357.49608063943714     
         654   357.13651140506113     
         655   356.76786108287450     
         656   356.39028454907191     
         657   356.00396480433710     
         658   355.60911054437753     
         659   355.20598392894198     
         660   354.79487725739369     
         661   354.37608707721432     
         662   353.94997667935843     
         663   353.51692091804028     
         664   353.07728816653389     
         665   352.63152864090546     
         666   352.18010416982088     
         667   351.72346387176879     
         668   351.26211494714249     
         669   350.79658813998992     
         670   350.32746150408798     
         671   349.85530215968902     
         672   349.38068181246911     
         673   348.90424967355949     
         674   348.42667076982923     
         675   347.94865522678259     
         676   347.47093312646700     
         677   346.99422619449456     
         678   346.51929872468958     
         679   346.04698099183190     
         680   345.57810456810904     
         681   345.11349319759307     
         682   344.65401659202217     
         683   344.20056113520474     
         684   343.75404085428073     
         685   343.31539186325926     
         686   342.88553317964852     
         687   342.46541315584034     
         688   342.05598395662764     
         689   341.65820339941212     
         690   341.27301339234600     
         691   340.90135069002264     
         692   340.54415902385023     
         693   340.20233509642986     
         694   339.87679846756311     
         695   339.56841013804643     
         696   339.27797443735699     
         697   339.00631473786268     
         698   338.75419600320316     
         699   338.52233236864453     
         700   338.31143204096685     
         701   338.12213626776077     
         702   337.95499598812938     
         703   337.81054023873048     
         704   337.68924407824170     
         705   337.59151486721134     
         706   337.51768429295680     
         707   337.46806788802394     
         708   337.44293005204747     
         709   337.44241361880836     
         710   337.46658988736550     
         711   337.51549695633878     
         712   337.58911018464443     
         713   337.68728595424426     
         714   337.80986349030468     
         715   337.95662048773232     
         716   338.12723751049970     
         717   338.32137156743056     
         718   338.53860779407120     
         719   338.77845710130453     
         720   339.04039836251349     
         721   339.32388046896619     
         722   339.62829376502231     
         723   339.95295407602259     
         724   340.29714565295291     
         725   340.66014794361985     
         726   341.04119325445902     
         727   341.43946591849158     
         728   341.85412800138783     
         729   342.28433484874137     
         730   342.72923318903253     
         731   343.18791700126224     
         732   343.65949490949714     
         733   344.14308325962173     
         734   344.63776349051432     
         735   345.14263952738304     
         736   345.65681722768142     
         737   346.17941644962019     
         738   346.70954558199264     
         739   347.24635597454380     
         740   347.78900438750975     
         741   348.33663869488271     
         742   348.88842867011743     
         743   349.44355246099843     
         744   350.00124282398895     
         745   350.56073853997776     
         746   351.12128611789979     
         747   351.68215354268136     
         748   352.24261420125248     
         749   352.80201841322389     
         750   353.35972232654296     
         751   353.91502709146027     
         752   354.46729993660318     
         753   355.01593499173384     
         754   355.56031176059764     
         755   356.09982773168065     
         756   356.63390606238687     
         757   357.16196537958461     
         758   357.68341050035593     
         759   358.19765095353938     
         760   358.70408727308853     
         761   359.20213858011505     
         762   359.69123434332516     
         763   360.17078733597924     
         764   360.64020025626991     
         765   361.09886330150522     
         766   361.54617059381405     
         767   361.98147303099705     
         768   362.40414310492446     
         769   362.81355696427710     
         770   363.20906724059370     
         771   363.59008232578407     
         772   363.95596757632831     
         773   364.30607211746639     
         774   364.63978274751787     
         775   364.95651019449133     
         776   365.25569004168364     
         777   365.53671957846905     
         778   365.79900399903011     
         779   366.04200286566061     
         780   366.26519068762883     
         781   366.46808866168169     
         782   366.65026352514485     
         783   366.81132852013059     
         784   366.95095633882050     
         785   367.06885000688453     
         786   367.16477514805115     
         787   367.23854757158728     
         788   367.29002439954519     
         789   367.31913613795103     
         790   367.32587979414967     
         791   367.31035102580989     
         792   367.27270440652552     
         793   367.21312626344445     
         794   367.13188242967703     
         795   367.02931969758509     
         796   366.90587770147721     
         797   366.76205181439900     
         798   366.59838871462551     
         799   366.41551513688592     
         800   366.21414075761783     
         801   365.99499841582980     
         802   365.75888138207489     
         803   365.50669210835002     
         804   365.23934401804212     
         805   364.95776953156712     
         806   364.66295961090498     
         807   364.35595048091329     
         808   364.03782824596334     
         809   363.70971492264971     
         810   363.37270757052420     
         811   363.02791748961459     
         812   362.67652888594972     
         813   362.31968423499450     
         814   361.95852093478806     
         815   361.59419403563521     
         816   361.22783498848361     
         817   360.86060070671135     
         818   360.49362508134459     
         819   360.12799365172526     
         820   359.76476964717773     
         821   359.40500413866306     
         822   359.04970543484950     
         823   358.69984307639834     
         824   358.35635213764044     
         825   358.02011073428162     
         826   357.69194693419536     
         827   357.37265261175133     
         828   357.06296101852934     
         829   356.76355375335601     
         830   356.47507778466036     
         831   356.19810184069297     
         832   355.93312752516368     
         833   355.68063107751038     
         834   355.44104788985038     
         835   355.21474858803850     
         836   355.00203563548666     
         837   354.80316411270212     
         838   354.61836517134799     
         839   354.44786406121261     
         840   354.29182336303899     
         841   354.15035545823616     
         842   354.02356810772324     
         843   353.91157002752539     
         844   353.81439414261553     
         845   353.73204080276810     
         846   353.66455771376928     
         847   353.61198817430170     
         848   353.57433794960377     
         849   353.55161951597535     
         850   353.54386107774877     
         851   353.55105078487821     
         852   353.57319321242437     
         853   353.61032797332103     
         854   353.66248695927135     
         855   353.72969251900258     
         856   353.81197085257435     
         857   353.90932270169270     
         858   354.02174980086892     
         859   354.14929087673039     
         860   354.29197223352804     
         861   354.44978476707041     
         862   354.62271135036769     
         863   354.81071626641244     
         864   355.01374379423066     
         865   355.23169160923305     
         866   355.46441602293640     
         867   355.71176579497677     
         868   355.97355994183732     
         869   356.24951473365098     
         870   356.53931072402054     
         871   356.84262779540506     
         872   357.15908423367540     
         873   357.48820135557935     
         874   357.82940849354247     
         875   358.18209561809755     
         876   358.54562223804578     
         877   358.91929958712763     
         878   359.30238681640361     
         879   359.69409887821996     
         880   360.09357243815930     
         881   360.49988096354326     
         882   360.91205817016515     
         883   361.32911006118655     
         884   361.75000696432159     
         885   362.17369576997805     
         886   362.59908198445555     
         887   363.02504428031318     
         888   363.45046291739067     
         889   363.87419310048546     
         890   364.29510565229924     
         891   364.71207415147381     
         892   365.12398147384698     
         893   365.52970248515294     
         894   365.92811471807971     
         895   366.31813054933042     
         896   366.69869307509367     
         897   367.06881699781303     
         898   367.42754606345079     
         899   367.77395228390532     
         900   368.10719625297202     
         901   368.42646432612133     
         902   368.73097807024044     
         903   369.02004289263004     
         904   369.29300070379526     
         905   369.54927776694564     
         906   369.78842228266086     
         907   370.01002579018609     
         908   370.21371111699398     
         909   370.39918158482300     
         910   370.56623288957331     
         911   370.71474334745324     
         912   370.84466016956532     
         913   370.95600493335434     
         914   371.04889468511095     
         915   371.12350515275409     
         916   371.18006620635430     
         917   371.21887839031240     
         918   371.24031081783858     
         919   371.24480400806743     
         920   371.23283685536302     
         921   371.20494955936113     
         922   371.16170411291091     
         923   371.10367876483247     
         924   371.03154777757385     
         925   370.94601311517715     
         926   370.84778871039060     
         927   370.73761704407059     
         928   370.61625274507475     
         929   370.48445599106270     
         930   370.34299981408930     
         931   370.19267243548313     
         932   370.03422935887824     
         933   369.86842257632560     
         934   369.69598327829789     
         935   369.51760799650020     
         936   369.33398742299528     
         937   369.14579779480101     
         938   368.95368718902932     
         939   368.75827049849534     
         940   368.56012915189223     
         941   368.35978341726434     
         942   368.15771585904338     
         943   367.95435481083422     
         944   367.75009459507521     
         945   367.54530704496534     
         946   367.34030138844076     
         947   367.13533294606270     
         948   366.93059841861367     
         949   366.72628738976579     
         950   366.52253079631851     
         951   366.31938900469368     
         952   366.11691410823374     
         953   365.91511880502901     
         954   365.71396908291695     
         955   365.51338552732494     
         956   365.31325958541345     
         957   365.11346684958215     
         958   364.91385993674749     
         959   364.71425762724920     
         960   364.51443988740942     
         961   364.31416957248854     
         962   364.11318336847540     
         963   363.91122154033968     
         964   363.70802081107445     
         965   363.50328776097683     
         966   363.29674504636841     
         967   363.08810801789031     
         968   362.87704196514699     
         969   362.66324528143917     
         970   362.44644413990380     
         971   362.22635153242038     
         972   362.00271748178852     
         973   361.77530468872357     
         974   361.54389237830787     
         975   361.30829403857052     
         976   361.06833871030011     
         977   360.82387759464541     
         978   360.57478019664023     
         979   360.32094717637887     
         980   360.06231602356263     
         981   359.79885540451653     
         982   359.53054256400441     
         983   359.25737826801975     
         984   358.97941242517146     
         985   358.69672909166962     
         986   358.40944996981858     
         987   358.11776341481794     
         988   357.82186097113276     
         989   357.52192619443662     
         990   357.21820205694308     
         991   356.91094451347055     
         992   356.60042410015359     
         993   356.28697250339269     
         994   355.97093437396489     
         995   355.65266896303484     
         996   355.33255109017261     
         997   355.01096986620985     
         998   354.68834634920029     
         999   354.36512417107093     
        1000   354.04175738648848     
>>>>>>> e8ca2274b9a750e7bc64a1531ea3f0f932abaa57
