           0  -14951.154099825209     
           1  -14951.154065232877     
           2  -14951.154025159220     
           3  -14951.153979068305     
           4  -14951.153926201861     
           5  -14951.153865577300     
           6  -14951.153795991651     
           7  -14951.153716022511     
           8  -14951.142441011738     
           9  -14951.060423888206     
          10  -14950.933756778650     
          11  -14950.713992105446     
          12  -14950.494261846161     
          13  -14950.192619747497     
          14  -14949.838844099875     
          15  -14949.444106483323     
          16  -14949.168497006989     
          17  -14948.907658709964     
          18  -14948.602134698598     
          19  -14948.326361033032     
          20  -14948.020721175304     
          21  -14947.770868466592     
          22  -14947.480057871053     
          23  -14947.230114516689     
          24  -14947.002430183307     
          25  -14946.785856909286     
          26  -14946.636183216242     
          27  -14946.449221321429     
          28  -14946.273350545122     
          29  -14946.049009008795     
          30  -14945.872982127401     
          31  -14945.700578657865     
          32  -14945.542956878622     
          33  -14945.355483554957     
          34  -14945.220014896675     
          35  -14945.099336516210     
          36  -14944.915303864072     
          37  -14944.794433617708     
          38  -14944.714397000302     
          39  -14944.604488875782     
          40  -14944.505639117877     
          41  -14944.410422188470     
          42  -14944.337444720364     
          43  -14944.256933227934     
          44  -14944.157732608644     
          45  -14944.039850156760     
          46  -14943.970276859343     
          47  -14943.934138347595     
          48  -14943.875614835295     
          49  -14943.835657456073     
          50  -14943.769607433596     
          51  -14943.699817009387     
          52  -14943.663519127782     
          53  -14943.623503910923     
          54  -14943.579776658846     
          55  -14943.524910859902     
          56  -14943.470084673336     
          57  -14943.448814365413     
          58  -14943.394122292731     
          59  -14943.339520019552     
          60  -14943.296185372346     
          61  -14943.293897145002     
          62  -14943.269400060177     
          63  -14943.233891001519     
          64  -14943.187355090893     
          65  -14943.193078386588     
          66  -14943.165475808466     
          67  -14943.160390933892     
          68  -14943.148044814514     
          69  -14943.124716974133     
          70  -14943.109023192323     
          71  -14943.112154625802     
          72  -14943.108027610202     
          73  -14943.100371273498     
          74  -14943.141302001231     
          75  -14943.141481253946     
          76  -14943.126970936151     
          77  -14943.120084730261     
          78  -14943.117092421940     
          79  -14943.140324561309     
          80  -14943.148835255237     
          81  -14943.153773451593     
          82  -14943.147693336441     
          83  -14943.156610994503     
          84  -14943.135876495506     
          85  -14943.130156733145     
          86  -14943.135682895389     
          87  -14943.145008810327     
          88  -14943.180464325895     
          89  -14943.201097042924     
          90  -14943.199454279553     
          91  -14943.186671857427     
          92  -14943.222306575330     
          93  -14943.235617541399     
          94  -14943.274994256071     
          95  -14943.303199229927     
          96  -14943.286741912592     
          97  -14943.292588764969     
          98  -14943.290956245270     
          99  -14943.326512905922     
         100  -14943.369464181842     
         101  -14943.386326367796     
         102  -14943.384535057014     
         103  -14943.401279505393     
         104  -14943.414238964222     
         105  -14943.445744379418     
         106  -14943.458574517224     
         107  -14943.452726571024     
         108  -14943.454255893586     
         109  -14943.451978196517     
         110  -14943.449639282715     
         111  -14943.447227798824     
         112  -14943.470762061088     
         113  -14943.494223078491     
         114  -14943.502750600859     
         115  -14943.466521190247     
         116  -14943.515820084309     
         117  -14943.486891594903     
         118  -14943.495091673811     
         119  -14943.488351079157     
         120  -14943.500140958267     
         121  -14943.496980289843     
         122  -14943.482555571896     
         123  -14943.497862416421     
         124  -14943.479616581692     
         125  -14943.461296504287     
         126  -14943.495030249185     
         127  -14943.487772633773     
         128  -14943.521378279207     
         129  -14943.525161486556     
         130  -14943.517726191378     
         131  -14943.484189055131     
         132  -14943.491555564822     
         133  -14943.476556069538     
         134  -14943.532235389561     
         135  -14943.543227967564     
         136  -14943.524372558033     
         137  -14943.524108557489     
         138  -14943.531252074308     
         139  -14943.538358196098     
         140  -14943.534247845786     
         141  -14943.541287809661     
         142  -14943.552026462388     
         143  -14943.544135164202     
         144  -14943.558559139479     
         145  -14943.561814882803     
         146  -14943.591088770016     
         147  -14943.616627484844     
         148  -14943.642163491049     
         149  -14943.637928423628     
         150  -14943.637395237320     
         151  -14943.625689340839     
         152  -14943.680969853447     
         153  -14943.672981830643     
         154  -14943.687304725036     
         155  -14943.683024392567     
         156  -14943.708538700679     
         157  -14943.741493901091     
         158  -14943.711183308758     
         159  -14943.729262607179     
         160  -14943.736182252047     
         161  -14943.746836113911     
         162  -14943.776138337047     
         163  -14943.760749721932     
         164  -14943.760292350784     
         165  -14943.756090166060     
         166  -14943.796591848371     
         167  -14943.777534082357     
         168  -14943.751067391726     
         169  -14943.754391174381     
         170  -14943.750289092131     
         171  -14943.738774748877     
         172  -14943.742148361987     
         173  -14943.738067153739     
         174  -14943.704233183271     
         175  -14943.696496321107     
         176  -14943.699925744306     
         177  -14943.707102830373     
         178  -14943.717991889831     
         179  -14943.706561871542     
         180  -14943.680253263516     
         181  -14943.672572373313     
         182  -14943.690955046079     
         183  -14943.709370171178     
         184  -14943.716648130541     
         185  -14943.727634274665     
         186  -14943.727472141369     
         187  -14943.690109993244     
         188  -14943.689968643032     
         189  -14943.693560069225     
         190  -14943.708322376415     
         191  -14943.723093834673     
         192  -14943.715557994352     
         193  -14943.715466762847     
         194  -14943.689341765374     
         195  -14943.678100326859     
         196  -14943.685466961106     
         197  -14943.707747801591     
         198  -14943.677928589537     
         199  -14943.674170027469     
         200  -14943.677866683523     
         201  -14943.655521698754     
         202  -14943.662962030943     
         203  -14943.651799572164     
         204  -14943.651804685753     
         205  -14943.651843066755     
         206  -14943.674214126262     
         207  -14943.670549340135     
         208  -14943.663153403078     
         209  -14943.644610491488     
         210  -14943.648410181691     
         211  -14943.629885643793     
         212  -14943.633699136109     
         213  -14943.607759024255     
         214  -14943.604163691094     
         215  -14943.608000288283     
         216  -14943.582084862075     
         217  -14943.574777136570     
         218  -14943.545133441139     
         219  -14943.549006671843     
         220  -14943.530559100764     
         221  -14943.489779846037     
         222  -14943.493652144400     
         223  -14943.486389905647     
         224  -14943.475397761224     
         225  -14943.509080853750     
         226  -14943.486949618389     
         227  -14943.446211625222     
         228  -14943.453863004936     
         229  -14943.454064981426     
         230  -14943.469150899868     
         231  -14943.487972540168     
         232  -14943.465818177872     
         233  -14943.443697265486     
         234  -14943.462521395011     
         235  -14943.451584373137     
         236  -14943.436908944106     
         237  -14943.411059859543     
         238  -14943.377789776949     
         239  -14943.378004885712     
         240  -14943.355903347117     
         241  -14943.374759249320     
         242  -14943.360096939183     
         243  -14943.338006176655     
         244  -14943.356837021205     
         245  -14943.368226322758     
         246  -14943.379620129403     
         247  -14943.338892700640     
         248  -14943.331652512325     
         249  -14943.350462205161     
         250  -14943.376723677617     
         251  -14943.373191327402     
         252  -14943.369697891256     
         253  -14943.343845063731     
         254  -14943.325428027800     
         255  -14943.329342021534     
         256  -14943.314649293048     
         257  -14943.299939515337     
         258  -14943.292682410904     
         259  -14943.292864438874     
         260  -14943.296756354768     
         261  -14943.259699975732     
         262  -14943.256125919299     
         263  -14943.252548861552     
         264  -14943.234075101444     
         265  -14943.256504805342     
         266  -14943.252884538126     
         267  -14943.275320051956     
         268  -14943.264243026419     
         269  -14943.249432712000     
         270  -14943.234625767285     
         271  -14943.216060077124     
         272  -14943.212372040687     
         273  -14943.204964092576     
         274  -14943.216127886755     
         275  -14943.204968068234     
         276  -14943.201232515838     
         277  -14943.167727125146     
         278  -14943.163978536460     
         279  -14943.175082458509     
         280  -14943.148985807617     
         281  -14943.160072254115     
         282  -14943.148814838110     
         283  -14943.178476336008     
         284  -14943.182119046134     
         285  -14943.193173112431     
         286  -14943.174457567538     
         287  -14943.196681909876     
         288  -14943.196567233290     
         289  -14943.203859031972     
         290  -14943.192553812771     
         291  -14943.210989187601     
         292  -14943.199680979782     
         293  -14943.180907486127     
         294  -14943.214241748337     
         295  -14943.232673320308     
         296  -14943.232510513839     
         297  -14943.236070113864     
         298  -14943.217305963228     
         299  -14943.228310501829     
         300  -14943.216949945807     
         301  -14943.227934966924     
         302  -14943.253812687068     
         303  -14943.253630485042     
         304  -14943.238584491843     
         305  -14943.219797674352     
         306  -14943.241934672209     
         307  -14943.241739733834     
         308  -14943.241574331383     
         309  -14943.256292145901     
         310  -14943.252392784871     
         311  -14943.229872992690     
         312  -14943.222230257454     
         313  -14943.244370281634     
         314  -14943.270229623287     
         315  -14943.262599698601     
         316  -14943.236353854814     
         317  -14943.239891468567     
         318  -14943.221077140066     
         319  -14943.217187400624     
         320  -14943.224466379266     
         321  -14943.231762991192     
         322  -14943.276270429777     
         323  -14943.257495099320     
         324  -14943.283361794338     
         325  -14943.286924025066     
         326  -14943.305381652219     
         327  -14943.308963408655     
         328  -14943.312554247123     
         329  -14943.308689705016     
         330  -14943.319724135801     
         331  -14943.334481889920     
         332  -14943.341786495263     
         333  -14943.371443924101     
         334  -14943.382513399063     
         335  -14943.389857967879     
         336  -14943.441878471507     
         337  -14943.452954092096     
         338  -14943.471477525343     
         339  -14943.501182101245     
         340  -14943.516013888599     
         341  -14943.515960796298     
         342  -14943.527075063828     
         343  -14943.527025776373     
         344  -14943.519551250638     
         345  -14943.523260405957     
         346  -14943.486015291512     
         347  -14943.508334821436     
         348  -14943.512047362279     
         349  -14943.515754368404     
         350  -14943.508332390644     
         351  -14943.534439859843     
         352  -14943.523291283978     
         353  -14943.527041040852     
         354  -14943.527086662341     
         355  -14943.527125451568     
         356  -14943.504868219899     
         357  -14943.482609397211     
         358  -14943.486401689623     
         359  -14943.519963944482     
         360  -14943.516342832214     
         361  -14943.494091961729     
         362  -14943.512814217736     
         363  -14943.483145775765     
         364  -14943.501881318394     
         365  -14943.483394784213     
         366  -14943.442588421538     
         367  -14943.453876368267     
         368  -14943.457756422755     
         369  -14943.439280664112     
         370  -14943.417095563096     
         371  -14943.443304633849     
         372  -14943.480678566206     
         373  -14943.454779300706     
         374  -14943.462378667758     
         375  -14943.481140678301     
         376  -14943.488723834411     
         377  -14943.481445082669     
         378  -14943.515106539595     
         379  -14943.522722713122     
         380  -14943.507986192139     
         381  -14943.504403787752     
         382  -14943.534310363635     
         383  -14943.515838820649     
         384  -14943.467592381823     
         385  -14943.471452774002     
         386  -14943.452952898775     
         387  -14943.464235491712     
         388  -14943.453201819113     
         389  -14943.457011005146     
         390  -14943.442200160855     
         391  -14943.442280032439     
         392  -14943.446091577989     
         393  -14943.401507062123     
         394  -14943.416455806786     
         395  -14943.409091758112     
         396  -14943.409146539389     
         397  -14943.412917278682     
         398  -14943.435279210995     
         399  -14943.424153827720     
         400  -14943.413018071027     
         401  -14943.442829052874     
         402  -14943.442862026361     
         403  -14943.435432395818     
         404  -14943.427991958361     
         405  -14943.416833798656     
         406  -14943.413104613128     
         407  -14943.420542615910     
         408  -14943.446588992116     
         409  -14943.405631105321     
         410  -14943.379572745505     
         411  -14943.368402185624     
         412  -14943.405579885059     
         413  -14943.394389891217     
         414  -14943.394354816030     
         415  -14943.398046541930     
         416  -14943.368222494777     
         417  -14943.401680325826     
         418  -14943.397914356374     
         419  -14943.382998761253     
         420  -14943.379209209701     
         421  -14943.405234653716     
         422  -14943.397769356136     
         423  -14943.438675112429     
         424  -14943.442350366098     
         425  -14943.442297591502     
         426  -14943.445985094157     
         427  -14943.431071342162     
         428  -14943.453368011200     
         429  -14943.464499122434     
         430  -14943.486802613597     
         431  -14943.486792152564     
         432  -14943.527706623932     
         433  -14943.501640227601     
         434  -14943.505341292654     
         435  -14943.520222638417     
         436  -14943.501599158661     
         437  -14943.509033661285     
         438  -14943.520206371957     
         439  -14943.475548303428     
         440  -14943.449495147051     
         441  -14943.464396769796     
         442  -14943.475581580813     
         443  -14943.479329414380     
         444  -14943.483071085564     
         445  -14943.460762674265     
         446  -14943.434724549001     
         447  -14943.419874789839     
         448  -14943.427352245499     
         449  -14943.445991534212     
         450  -14943.431141285426     
         451  -14943.434882164234     
         452  -14943.401412429777     
         453  -14943.375382466600     
         454  -14943.390301559968     
         455  -14943.386609186793     
         456  -14943.371751411953     
         457  -14943.349461619415     
         458  -14943.356923088024     
         459  -14943.386723516447     
         460  -14943.349519827283     
         461  -14943.334658403837     
         462  -14943.316048459756     
         463  -14943.282551679678     
         464  -14943.297408858351     
         465  -14943.308555717173     
         466  -14943.289906939532     
         467  -14943.278695239069     
         468  -14943.297287220672     
         469  -14943.282371230203     
         470  -14943.319544048984     
         471  -14943.319497418672     
         472  -14943.330602390561     
         473  -14943.319363767827     
         474  -14943.352779599378     
         475  -14943.337788913761     
         476  -14943.341429450395     
         477  -14943.363655676812     
         478  -14943.397029282829     
         479  -14943.374602522610     
         480  -14943.385663223344     
         481  -14943.370672462186     
         482  -14943.351935027782     
         483  -14943.348097471302     
         484  -14943.366583694034     
         485  -14943.370188979557     
         486  -14943.399825978458     
         487  -14943.422043158314     
         488  -14943.410772140493     
         489  -14943.429273537799     
         490  -14943.440334112423     
         491  -14943.447679561206     
         492  -14943.466199295639     
         493  -14943.436341903724     
         494  -14943.447426948575     
         495  -14943.454793011751     
         496  -14943.469613541780     
         497  -14943.469556421354     
         498  -14943.443447766253     
         499  -14943.439696101783     
         500  -14943.428503446808     
         501  -14943.421041539328     
         502  -14943.432187279979     
         503  -14943.413589769967     
         504  -14943.439636415591     
         505  -14943.450821885976     
         506  -14943.454570430666     
         507  -14943.480658040933     
         508  -14943.499304350542     
         509  -14943.484460667365     
         510  -14943.465892144255     
         511  -14943.488268527897     
         512  -14943.462264867370     
         513  -14943.458588877098     
         514  -14943.447480872397     
         515  -14943.432650746967     
         516  -14943.417844071595     
         517  -14943.417900122917     
         518  -14943.425424911366     
         519  -14943.432932522912     
         520  -14943.410651754506     
         521  -14943.399539220029     
         522  -14943.436796482514     
         523  -14943.429418530395     
         524  -14943.455535995270     
         525  -14943.451884053429     
         526  -14943.433338933461     
         527  -14943.396171231147     
         528  -14943.418556252978     
         529  -14943.396259547850     
         530  -14943.448405002080     
         531  -14943.463329717548     
         532  -14943.493133651635     
         533  -14943.489445479445     
         534  -14943.511809032396     
         535  -14943.560220868183     
         536  -14943.586294978282     
         537  -14943.608640435901     
         538  -14943.578884551984     
         539  -14943.564012447443     
         540  -14943.567757003086     
         541  -14943.575218764372     
         542  -14943.582693108701     
         543  -14943.567837056737     
         544  -14943.545527678309     
         545  -14943.530653445758     
         546  -14943.560454929519     
         547  -14943.553038203650     
         548  -14943.504673184503     
         549  -14943.530735637640     
         550  -14943.541928033555     
         551  -14943.545676000200     
         552  -14943.523360848110     
         553  -14943.523386379700     
         554  -14943.515986674212     
         555  -14943.549501902495     
         556  -14943.583039165051     
         557  -14943.601690998961     
         558  -14943.620349118530     
         559  -14943.676234173530     
         560  -14943.657692900537     
         561  -14943.639145553587     
         562  -14943.628036768001     
         563  -14943.642981363801     
         564  -14943.672827404282     
         565  -14943.650565069323     
         566  -14943.680395956126     
         567  -14943.713960440908     
         568  -14943.710322629006     
         569  -14943.706676906702     
         570  -14943.721620359302     
         571  -14943.706799723715     
         572  -14943.703159225355     
         573  -14943.680878603545     
         574  -14943.669776929564     
         575  -14943.643791968210     
         576  -14943.655017961639     
         577  -14943.647631662143     
         578  -14943.666309409346     
         579  -14943.655193237119     
         580  -14943.614286121898     
         581  -14943.588274784697     
         582  -14943.625524069523     
         583  -14943.659043378164     
         584  -14943.636739088322     
         585  -14943.659073231373     
         586  -14943.621865112540     
         587  -14943.659079506571     
         588  -14943.662818262321     
         589  -14943.681430434282     
         590  -14943.673991243184     
         591  -14943.670245180263     
         592  -14943.636722506602     
         593  -14943.655287715983     
         594  -14943.632909407088     
         595  -14943.651457002677     
         596  -14943.643965097848     
         597  -14943.681130410037     
         598  -14943.688518546682     
         599  -14943.677302582098     
         600  -14943.692131740618     
         601  -14943.684648812874     
         602  -14943.684582000495     
         603  -14943.695665641992     
         604  -14943.680715446026     
         605  -14943.676904626416     
         606  -14943.654495285478     
         607  -14943.617211627099     
         608  -14943.609696320073     
         609  -14943.602166612429     
         610  -14943.576024369533     
         611  -14943.527565820039     
         612  -14943.553537607240     
         613  -14943.534849488004     
         614  -14943.534791933391     
         615  -14943.530997307455     
         616  -14943.542097991003     
         617  -14943.542024966715     
         618  -14943.549392027540     
         619  -14943.538145595474     
         620  -14943.534366415226     
         621  -14943.508253574566     
         622  -14943.504463128580     
         623  -14943.504407774642     
         624  -14943.500601559199     
         625  -14943.526581290836     
         626  -14943.496727360973     
         627  -14943.492936442435     
         628  -14943.474250612404     
         629  -14943.496503553102     
         630  -14943.529908599341     
         631  -14943.529825730078     
         632  -14943.555796125489     
         633  -14943.511052448219     
         634  -14943.477488319459     
         635  -14943.499752844644     
         636  -14943.477358829325     
         637  -14943.481012127020     
         638  -14943.462344697691     
         639  -14943.454836815297     
         640  -14943.465958861556     
         641  -14943.473345355735     
         642  -14943.514229702403     
         643  -14943.506733099312     
         644  -14943.502982462305     
         645  -14943.495498246417     
         646  -14943.506619096808     
         647  -14943.491692356269     
         648  -14943.495373354648     
         649  -14943.528840385592     
         650  -14943.543708280180     
         651  -14943.517648340987     
         652  -14943.502730776698     
         653  -14943.498998796103     
         654  -14943.484098459068     
         655  -14943.513852611348     
         656  -14943.506396059005     
         657  -14943.513841900372     
         658  -14943.506419355053     
         659  -14943.502721172519     
         660  -14943.491558466598     
         661  -14943.465509830368     
         662  -14943.469252396037     
         663  -14943.480417514951     
         664  -14943.484160336004     
         665  -14943.484183084543     
         666  -14943.473063194435     
         667  -14943.465668413335     
         668  -14943.491754195491     
         669  -14943.454594508341     
         670  -14943.458375270346     
         671  -14943.451014736238     
         672  -14943.451090301487     
         673  -14943.436268369151     
         674  -14943.428892542419     
         675  -14943.421522916535     
         676  -14943.425311067978     
         677  -14943.399356523329     
         678  -14943.377117887190     
         679  -14943.366044838269     
         680  -14943.358688913726     
         681  -14943.358785732105     
         682  -14943.351455554281     
         683  -14943.344143135386     
         684  -14943.355417890500     
         685  -14943.374156703841     
         686  -14943.374298249137     
         687  -14943.378145021488     
         688  -14943.385717503832     
         689  -14943.382125579374     
         690  -14943.382272791128     
         691  -14943.363804500517     
         692  -14943.375121615531     
         693  -14943.401326005747     
         694  -14943.420088236873     
         695  -14943.412808107907     
         696  -14943.424149624738     
         697  -14943.428020243287     
         698  -14943.420747408461     
         699  -14943.443226832946     
         700  -14943.443385264694     
         701  -14943.432352337377     
         702  -14943.391551551076     
         703  -14943.406567535472     
         704  -14943.376953859237     
         705  -14943.399420344094     
         706  -14943.414425519770     
         707  -14943.410830611407     
         708  -14943.403500489832     
         709  -14943.392459305833     
         710  -14943.414897719236     
         711  -14943.403851005638     
         712  -14943.392780216063     
         713  -14943.389151524198     
         714  -14943.363168575483     
         715  -14943.374406882078     
         716  -14943.385646002507     
         717  -14943.389403412935     
         718  -14943.374538318962     
         719  -14943.359676372553     
         720  -14943.333636433184     
         721  -14943.359686145863     
         722  -14943.370840992069     
         723  -14943.370838669960     
         724  -14943.367075710392     
         725  -14943.363310016772     
         726  -14943.340931766917     
         727  -14943.366933442341     
         728  -14943.348251961870     
         729  -14943.374231763222     
         730  -14943.359268028236     
         731  -14943.377794751008     
         732  -14943.370271812344     
         733  -14943.358979994087     
         734  -14943.347705905338     
         735  -14943.358751017440     
         736  -14943.351181099455     
         737  -14943.351040299782     
         738  -14943.362052214799     
         739  -14943.380517386962     
         740  -14943.391532469037     
         741  -14943.406251201546     
         742  -14943.391194186357     
         743  -14943.394749584333     
         744  -14943.402002346689     
         745  -14943.412985307048     
         746  -14943.397919800422     
         747  -14943.427514154666     
         748  -14943.438477438054     
         749  -14943.456892984719     
         750  -14943.430637716883     
         751  -14943.441583795777     
         752  -14943.426492584309     
         753  -14943.400240707419     
         754  -14943.407497068623     
         755  -14943.411004882437     
         756  -14943.395918237422     
         757  -14943.399450193076     
         758  -14943.414159335533     
         759  -14943.413994557463     
         760  -14943.387765229993     
         761  -14943.409942844457     
         762  -14943.424668340236     
         763  -14943.454306805395     
         764  -14943.416955944431     
         765  -14943.409372660222     
         766  -14943.427859093752     
         767  -14943.420302811724     
         768  -14943.435075397989     
         769  -14943.420071974610     
         770  -14943.431128874478     
         771  -14943.427308932103     
         772  -14943.438410808873     
         773  -14943.486730389544     
         774  -14943.468079423490     
         775  -14943.501531153383     
         776  -14943.486614114005     
         777  -14943.490317301088     
         778  -14943.482866601653     
         779  -14943.467956887500     
         780  -14943.464234864681     
         781  -14943.471672848949     
         782  -14943.460525729613     
         783  -14943.453112450310     
         784  -14943.441979220257     
         785  -14943.438297167973     
         786  -14943.434617217792     
         787  -14943.442117670700     
         788  -14943.442172352481     
         789  -14943.431068435051     
         790  -14943.438592807999     
         791  -14943.434947828682     
         792  -14943.416433587252     
         793  -14943.390460438712     
         794  -14943.409161896963     
         795  -14943.383213069652     
         796  -14943.364723745433     
         797  -14943.342485901569     
         798  -14943.364913267347     
         799  -14943.357575892336     
         800  -14943.361421533462     
         801  -14943.346653326953     
         802  -14943.365373162776     
         803  -14943.387833722640     
         804  -14943.402819572051     
         805  -14943.443885913253     
         806  -14943.477529204023     
         807  -14943.492533350391     
         808  -14943.514985755608     
         809  -14943.518832697417     
         810  -14943.507794876270     
         811  -14943.496755173328     
         812  -14943.511764725205     
         813  -14943.508176416324     
         814  -14943.508313814145     
         815  -14943.545646459717     
         816  -14943.556926107227     
         817  -14943.557051177933     
         818  -14943.527384394658     
         819  -14943.527489828431     
         820  -14943.527600772228     
         821  -14943.520253864293     
         822  -14943.527803352576     
         823  -14943.520449697144     
         824  -14943.494492194501     
         825  -14943.487141560254     
         826  -14943.453729938681     
         827  -14943.491011679745     
         828  -14943.509679184137     
         829  -14943.513471507944     
         830  -14943.494921755824     
         831  -14943.509873842797     
         832  -14943.509905098748     
         833  -14943.532284655403     
         834  -14943.562074352627     
         835  -14943.547213566735     
         836  -14943.521176107248     
         837  -14943.550979813042     
         838  -14943.577033285512     
         839  -14943.562146835757     
         840  -14943.569606940313     
         841  -14943.565883844050     
         842  -14943.569608762400     
         843  -14943.577066923741     
         844  -14943.595661093763     
         845  -14943.599372854076     
         846  -14943.595652742184     
         847  -14943.606813664463     
         848  -14943.580734270770     
         849  -14943.599334321008     
         850  -14943.569533575495     
         851  -14943.580672990558     
         852  -14943.558325248901     
         853  -14943.576894438485     
         854  -14943.614079407085     
         855  -14943.584298279528     
         856  -14943.558218355254     
         857  -14943.550752247103     
         858  -14943.543290579955     
         859  -14943.591656251014     
         860  -14943.602804751352     
         861  -14943.599065634729     
         862  -14943.617660129554     
         863  -14943.599042879081     
         864  -14943.595308825221     
         865  -14943.621355627740     
         866  -14943.576672656694     
         867  -14943.591544143190     
         868  -14943.610127585154     
         869  -14943.580347149058     
         870  -14943.591506564195     
         871  -14943.580348155947     
         872  -14943.587792775244     
         873  -14943.621282331969     
         874  -14943.654772253356     
         875  -14943.628732750007     
         876  -14943.617556682819     
         877  -14943.613831982362     
         878  -14943.602661647701     
         879  -14943.628726719893     
         880  -14943.598959445251     
         881  -14943.580366324944     
         882  -14943.546867404460     
         883  -14943.509653134615     
         884  -14943.491045921393     
         885  -14943.517114195529     
         886  -14943.487348355269     
         887  -14943.491090910218     
         888  -14943.472493041128     
         889  -14943.472491070988     
         890  -14943.472488286128     
         891  -14943.465034625515     
         892  -14943.498544262135     
         893  -14943.494822936127     
         894  -14943.520892650547     
         895  -14943.517186989206     
         896  -14943.535806833541     
         897  -14943.524651357851     
         898  -14943.476258594594     
         899  -14943.427859267902     
         900  -14943.450187089906     
         901  -14943.472493847392     
         902  -14943.446427459996     
         903  -14943.465021062422     
         904  -14943.461270394251     
         905  -14943.476126786172     
         906  -14943.472395415552     
         907  -14943.494711679419     
         908  -14943.517018460419     
         909  -14943.505827471619     
         910  -14943.539302944311     
         911  -14943.539241687033     
         912  -14943.554080283544     
         913  -14943.539135140058     
         914  -14943.539080244014     
         915  -14943.516701185998     
         916  -14943.483123989190     
         917  -14943.456991493667     
         918  -14943.468080723376     
         919  -14943.501484298347     
         920  -14943.505132790420     
         921  -14943.508785253076     
         922  -14943.449139227012     
         923  -14943.471380782756     
         924  -14943.456395270368     
         925  -14943.474905594467     
         926  -14943.463631798515     
         927  -14943.482128686497     
         928  -14943.441064770424     
         929  -14943.437236392101     
         930  -14943.440846097441     
         931  -14943.444446766878     
         932  -14943.451780574958     
         933  -14943.459097189640     
         934  -14943.466410594543     
         935  -14943.473719754284     
         936  -14943.492198051585     
         937  -14943.488361663567     
         938  -14943.521718350299     
         939  -14943.543940700141     
         940  -14943.536380362069     
         941  -14943.510218605823     
         942  -14943.521278390990     
         943  -14943.487699806401     
         944  -14943.502486719599     
         945  -14943.480071820797     
         946  -14943.476270543420     
         947  -14943.465029995394     
         948  -14943.464978681834     
         949  -14943.438874497677     
         950  -14943.450015287171     
         951  -14943.416495195232     
         952  -14943.423930236557     
         953  -14943.464868397195     
         954  -14943.479765726324     
         955  -14943.461161383333     
         956  -14943.472332200117     
         957  -14943.438871001574     
         958  -14943.438923044288     
         959  -14943.450118637091     
         960  -14943.416699644100     
         961  -14943.420515371212     
         962  -14943.439212586180     
         963  -14943.472798417237     
         964  -14943.502683111285     
         965  -14943.525123540519     
         966  -14943.543845719798     
         967  -14943.525365632813     
         968  -14943.521767771732     
         969  -14943.480963800790     
         970  -14943.499709430334     
         971  -14943.540783870947     
         972  -14943.511154588463     
         973  -14943.496402009754     
         974  -14943.496528283196     
         975  -14943.515263307534     
         976  -14943.496771572234     
         977  -14943.522949747196     
         978  -14943.537973313092     
         979  -14943.523216128397     
         980  -14943.508449592138     
         981  -14943.501137635563     
         982  -14943.471477710487     
         983  -14943.479024080611     
         984  -14943.486547215931     
         985  -14943.494090906603     
         986  -14943.486743827842     
         987  -14943.483110911933     
         988  -14943.460872491243     
         989  -14943.475837971293     
         990  -14943.490812534899     
         991  -14943.513222264528     
         992  -14943.546782176887     
         993  -14943.572891928927     
         994  -14943.546899061394     
         995  -14943.550671008910     
         996  -14943.565611756054     
         997  -14943.573118252199     
         998  -14943.591788231392     
         999  -14943.569518818254     
        1000  -14943.562122527856     
