<<<<<<< HEAD
           0  -16672.834746660159     
           1  -16671.704569336700     
           2  -16669.821787046967     
           3  -16667.187405602665     
           4  -16663.802714221525     
           5  -16659.669296101012     
           6  -16654.789042171549     
           7  -16649.164167990228     
           8  -16642.786080480681     
           9  -16635.598361836433     
          10  -16627.630676603083     
          11  -16618.838562080229     
          12  -16609.319471838462     
          13  -16598.996217272685     
          14  -16587.903938818697     
          15  -16576.059649011011     
          16  -16563.629638444741     
          17  -16550.516337443165     
          18  -16536.668017940294     
          19  -16522.167582869050     
          20  -16506.964661670881     
          21  -16491.154985780071     
          22  -16474.652808119561     
          23  -16457.551932075297     
          24  -16439.846679470636     
          25  -16421.539935997644     
          26  -16402.702612695088     
          27  -16383.246863769702     
          28  -16363.238687824240     
          29  -16342.637421147640     
          30  -16321.560043891475     
          31  -16299.983388455807     
          32  -16277.941568327358     
          33  -16255.414369670143     
          34  -16232.509511245045     
          35  -16209.217104631998     
          36  -16185.487908908955     
          37  -16161.478832296983     
          38  -16137.199389045540     
          39  -16112.612269124973     
          40  -16087.793291125034     
          41  -16062.771349415621     
          42  -16037.602766851864     
          43  -16012.296831187294     
          44  -15986.882740648742     
          45  -15961.402043386297     
          46  -15935.964324669258     
          47  -15910.598258373009     
          48  -15885.292455769641     
          49  -15860.133015302627     
          50  -15835.120985063810     
          51  -15810.324818493835     
          52  -15785.828037554067     
          53  -15761.639756773153     
          54  -15737.806135161167     
          55  -15714.365514176145     
          56  -15691.374263718828     
          57  -15668.910284769963     
          58  -15646.949944232196     
          59  -15625.568851778042     
          60  -15604.818809718889     
          61  -15584.768561380384     
          62  -15565.391917764757     
          63  -15546.735022521458     
          64  -15528.830566628783     
          65  -15511.772105127167     
          66  -15495.501722609819     
          67  -15480.100182072645     
          68  -15465.559773777313     
          69  -15451.895862233843     
          70  -15439.143052279338     
          71  -15427.325445282517     
          72  -15416.426697300005     
          73  -15406.457077810957     
          74  -15397.472137724171     
          75  -15389.382765797811     
          76  -15382.212129508855     
          77  -15375.976674599458     
          78  -15370.663845319741     
          79  -15366.284296044505     
          80  -15362.782682318701     
          81  -15360.153181071979     
          82  -15358.368895987809     
          83  -15357.434097889271     
          84  -15357.280310689319     
          85  -15357.926426297061     
          86  -15359.341116082840     
          87  -15361.487789611934     
          88  -15364.358216060898     
          89  -15367.879664058726     
          90  -15372.011862097648     
          91  -15376.732250228577     
          92  -15382.066021889204     
          93  -15387.907582052914     
          94  -15394.270102592538     
          95  -15401.080930557897     
          96  -15408.271149843877     
          97  -15415.872372890404     
          98  -15423.819701837934     
          99  -15432.123106706696     
         100  -15440.718534848329     
         101  -15449.538820855791     
         102  -15458.558439877321     
         103  -15467.782360215973     
         104  -15477.156880268365     
         105  -15486.673935506618     
         106  -15496.266870804278     
         107  -15505.907238997725     
         108  -15515.593775443576     
         109  -15525.289124631128     
         110  -15534.971993153174     
         111  -15544.618500323799     
         112  -15554.232006602137     
         113  -15563.765044719377     
         114  -15573.182517678471     
         115  -15582.435574539582     
         116  -15591.636699494478     
         117  -15600.605576517333     
         118  -15609.442171312578     
         119  -15618.080220463780     
         120  -15626.540209781973     
         121  -15634.776741392045     
         122  -15642.782730530736     
         123  -15650.589536885958     
         124  -15658.125301145104     
         125  -15665.416012053105     
         126  -15672.507350344515     
         127  -15679.300800867264     
         128  -15685.873689015218     
         129  -15692.151772388430     
         130  -15698.150955282255     
         131  -15703.854530312350     
         132  -15709.328544323213     
         133  -15714.509562791904     
         134  -15719.491249397699     
         135  -15724.159607606347     
         136  -15728.531488081948     
         137  -15732.657991706412     
         138  -15736.531293419814     
         139  -15740.147895242375     
         140  -15743.501097960763     
         141  -15746.618245131436     
         142  -15749.497424656447     
         143  -15752.122296078589     
         144  -15754.540187929639     
         145  -15756.724381424365     
         146  -15758.719152277119     
         147  -15760.502190149215     
         148  -15762.084947123754     
         149  -15763.445616000947     
         150  -15764.625856201001     
         151  -15765.619190744274     
         152  -15766.512278238592     
         153  -15767.183465248499     
         154  -15767.727033717303     
         155  -15768.110876094010     
         156  -15768.392192599929     
         157  -15768.557357478341     
         158  -15768.544416792587     
         159  -15768.473766448733     
         160  -15768.294497373052     
         161  -15768.029988303784     
         162  -15767.703568663863     
         163  -15767.260191102294     
         164  -15766.767606133164     
         165  -15766.215059481607     
         166  -15765.658702172739     
         167  -15765.001842596585     
         168  -15764.304019827568     
         169  -15763.609528097659     
         170  -15762.888002094682     
         171  -15762.146086902245     
         172  -15761.412465507919     
         173  -15760.670963638235     
         174  -15759.905230481210     
         175  -15759.176774151998     
         176  -15758.476053539096     
         177  -15757.800828363401     
         178  -15757.156030084572     
         179  -15756.520367923020     
         180  -15755.905785121264     
         181  -15755.350073224467     
         182  -15754.864712410968     
         183  -15754.427548411288     
         184  -15754.031045452319     
         185  -15753.693429177760     
         186  -15753.403085189426     
         187  -15753.137018244552     
         188  -15752.972447987067     
         189  -15752.878500656567     
         190  -15752.865071634022     
         191  -15752.923314135251     
         192  -15753.033064583935     
         193  -15753.225993670254     
         194  -15753.470383881773     
         195  -15753.808731194804     
         196  -15754.246210936992     
         197  -15754.780372010911     
         198  -15755.345222957243     
         199  -15756.019861938554     
         200  -15756.786389153905     
         201  -15757.611833653922     
         202  -15758.552389714954     
         203  -15759.559828833211     
         204  -15760.663940835930     
         205  -15761.853410133694     
         206  -15763.150140209807     
         207  -15764.505230642952     
         208  -15765.940306458131     
         209  -15767.447003461300     
         210  -15769.057675296826     
         211  -15770.726429437631     
         212  -15772.496505704052     
         213  -15774.314196670995     
         214  -15776.229833681644     
         215  -15778.226573981719     
         216  -15780.265161711523     
         217  -15782.391746814628     
         218  -15784.563038591223     
         219  -15786.832374803958     
         220  -15789.141248826067     
         221  -15791.486927626269     
         222  -15793.933539039603     
         223  -15796.422320088872     
         224  -15798.957675878166     
         225  -15801.584878284993     
         226  -15804.200156621389     
         227  -15806.837357184666     
         228  -15809.560047608735     
         229  -15812.308907424362     
         230  -15815.102689688620     
         231  -15817.926648821096     
         232  -15820.732430726373     
         233  -15823.557291481526     
         234  -15826.438370726337     
         235  -15829.301141323784     
         236  -15832.167759034055     
         237  -15835.026902037054     
         238  -15837.878384076394     
         239  -15840.759116406887     
         240  -15843.609316340831     
         241  -15846.488285011559     
         242  -15849.317567835915     
         243  -15852.119254502008     
         244  -15854.937659402005     
         245  -15857.720368771303     
         246  -15860.470834296872     
         247  -15863.133008139444     
         248  -15865.788585664814     
         249  -15868.426231433732     
         250  -15871.023464034533     
         251  -15873.539206782682     
         252  -15875.999551382542     
         253  -15878.378427438811     
         254  -15880.701998248542     
         255  -15882.981633726193     
         256  -15885.173006591556     
         257  -15887.291406804556     
         258  -15889.341101285880     
         259  -15891.318983516658     
         260  -15893.218395252181     
         261  -15894.991907764685     
         262  -15896.711283552637     
         263  -15898.340526879156     
         264  -15899.862414335608     
         265  -15901.330606359301     
         266  -15902.676156374324     
         267  -15903.949379867994     
         268  -15905.089137526635     
         269  -15906.123823446025     
         270  -15907.055973955348     
         271  -15907.880774273972     
         272  -15908.616049757744     
         273  -15909.242650386832     
         274  -15909.782512528340     
         275  -15910.194596477613     
         276  -15910.508711587911     
         277  -15910.687845729733     
         278  -15910.791940367375     
         279  -15910.806802872930     
         280  -15910.681218850599     
         281  -15910.490561462442     
         282  -15910.176521850242     
         283  -15909.803765830944     
         284  -15909.306933008880     
         285  -15908.721188148822     
         286  -15908.011244926331     
         287  -15907.249855395554     
         288  -15906.375888666722     
         289  -15905.421372865343     
         290  -15904.362743733425     
         291  -15903.250890816029     
         292  -15902.028920920517     
         293  -15900.721806014728     
         294  -15899.391907689456     
         295  -15897.975076319492     
         296  -15896.470597567177     
         297  -15894.903773022332     
         298  -15893.251637450592     
         299  -15891.569410530183     
         300  -15889.808088552805     
         301  -15888.015554137397     
         302  -15886.187597354705     
         303  -15884.286548252030     
         304  -15882.326893262798     
         305  -15880.323108563482     
         306  -15878.323222036841     
         307  -15876.267324898543     
         308  -15874.181165323047     
         309  -15872.083007467401     
         310  -15869.942777179378     
         311  -15867.763968405825     
         312  -15865.583571858120     
         313  -15863.419932519377     
         314  -15861.250435373628     
         315  -15859.041331851216     
         316  -15856.810884713632     
         317  -15854.610880985652     
         318  -15852.392623887701     
         319  -15850.196779744931     
         320  -15848.022959804885     
         321  -15845.863308875265     
         322  -15843.758224904495     
         323  -15841.610410648393     
         324  -15839.530910555639     
         325  -15837.455853444870     
         326  -15835.425410103675     
         327  -15833.412680387586     
         328  -15831.435391087838     
         329  -15829.488798533546     
         330  -15827.597871428385     
         331  -15825.753964834814     
         332  -15823.948361453378     
         333  -15822.213195066137     
         334  -15820.509686359293     
         335  -15818.854739588918     
         336  -15817.298767877726     
         337  -15815.758042628422     
         338  -15814.282668446582     
         339  -15812.877998455979     
         340  -15811.519489108645     
         341  -15810.208552860859     
         342  -15808.972470865037     
         343  -15807.789992320337     
         344  -15806.665893967198     
         345  -15805.619664812433     
         346  -15804.599902915352     
         347  -15803.707732771163     
         348  -15802.865461873191     
         349  -15802.092037447554     
         350  -15801.376497158963     
         351  -15800.763547289414     
         352  -15800.182334263911     
         353  -15799.684799533212     
         354  -15799.251956308874     
         355  -15798.886968778246     
         356  -15798.566891105911     
         357  -15798.313218091398     
         358  -15798.151063940397     
         359  -15798.083063706048     
         360  -15798.041031709845     
         361  -15798.042142374663     
         362  -15798.144487366622     
         363  -15798.257035077972     
         364  -15798.474784188818     
         365  -15798.710205446270     
         366  -15798.976169579486     
         367  -15799.344959930078     
         368  -15799.754839815081     
         369  -15800.188531499887     
         370  -15800.662284390584     
         371  -15801.225739803069     
         372  -15801.839158774954     
         373  -15802.425492569497     
         374  -15803.078843673662     
         375  -15803.774215088142     
         376  -15804.486618927076     
         377  -15805.209717011785     
         378  -15805.996591851719     
         379  -15806.777602920018     
         380  -15807.553863295061     
         381  -15808.356318275064     
         382  -15809.204773543470     
         383  -15810.014874801342     
         384  -15810.802853778650     
         385  -15811.648265341044     
         386  -15812.474404879005     
         387  -15813.331306420609     
         388  -15814.164815898062     
         389  -15815.010128598569     
         390  -15815.831904166747     
         391  -15816.661881598138     
         392  -15817.487246259601     
         393  -15818.254303935295     
         394  -15819.069548448144     
         395  -15819.849809110043     
         396  -15820.623589624378     
         397  -15821.386065554150     
         398  -15822.151086956381     
         399  -15822.865650095453     
         400  -15823.562370608974     
         401  -15824.281485682835     
         402  -15824.951672264080     
         403  -15825.594709722061     
         404  -15826.217576274345     
         405  -15826.816240518529     
         406  -15827.401616550665     
         407  -15827.977225807372     
         408  -15828.550378037427     
         409  -15829.035398509852     
         410  -15829.514181862520     
         411  -15829.986777960299     
         412  -15830.486817283621     
         413  -15830.917784395944     
         414  -15831.339378341509     
         415  -15831.744490394160     
         416  -15832.096253034175     
         417  -15832.491784807702     
         418  -15832.830972321686     
         419  -15833.140334524573     
         420  -15833.442588346674     
         421  -15833.756854086692     
         422  -15834.020304249909     
         423  -15834.315280934186     
         424  -15834.556642839800     
         425  -15834.778372890154     
         426  -15834.988426548582     
         427  -15835.164884150656     
         428  -15835.363955027007     
         429  -15835.537650793152     
         430  -15835.708648363076     
         431  -15835.843774606434     
         432  -15836.006564314235     
         433  -15836.089324253870     
         434  -15836.188978061544     
         435  -15836.287083087493     
         436  -15836.339061199000     
         437  -15836.404529081672     
         438  -15836.461162275238     
         439  -15836.449362867634     
         440  -15836.443406973545     
         441  -15836.465493936901     
         442  -15836.470788851297     
         443  -15836.455357053228     
         444  -15836.426377278489     
         445  -15836.357443776564     
         446  -15836.270515349968     
         447  -15836.180136986088     
         448  -15836.096997021132     
         449  -15836.009511599907     
         450  -15835.872628170997     
         451  -15835.737978104300     
         452  -15835.549288826722     
         453  -15835.350759326855     
         454  -15835.175466528657     
         455  -15834.963475849749     
         456  -15834.721929084117     
         457  -15834.454249847704     
         458  -15834.197307970744     
         459  -15833.943442245463     
         460  -15833.603129048870     
         461  -15833.265662521517     
         462  -15832.904963734791     
         463  -15832.509907438362     
         464  -15832.143864729955     
         465  -15831.755041883944     
         466  -15831.317756110881     
         467  -15830.869682555915     
         468  -15830.433705845706     
         469  -15829.947164036885     
         470  -15829.496407403147     
         471  -15828.993006116665     
         472  -15828.486317904819     
         473  -15827.943956814959     
         474  -15827.434177667950     
         475  -15826.865259293647     
         476  -15826.305616664229     
         477  -15825.756712256905     
         478  -15825.212693400708     
         479  -15824.608260100928     
         480  -15824.034427999437     
         481  -15823.433439414051     
         482  -15822.829506577620     
         483  -15822.243223313273     
         484  -15821.683914619771     
         485  -15821.116221728362     
         486  -15820.582952723864     
         487  -15820.052627868650     
         488  -15819.501067538009     
         489  -15818.993311065604     
         490  -15818.493903460958     
         491  -15818.008328220742     
         492  -15817.553181870873     
         493  -15817.070473445943     
         494  -15816.650954926297     
         495  -15816.251307432301     
         496  -15815.883954322084     
         497  -15815.527692174484     
         498  -15815.172269293787     
         499  -15814.866900110830     
         500  -15814.582512060653     
         501  -15814.330856407003     
         502  -15814.127279715467     
         503  -15813.923763483661     
         504  -15813.794817521479     
         505  -15813.680954157477     
         506  -15813.589503017529     
         507  -15813.550001718728     
         508  -15813.532358224744     
         509  -15813.510078158197     
         510  -15813.512400279436     
         511  -15813.583389752963     
         512  -15813.632981358165     
         513  -15813.731111626710     
         514  -15813.847185934641     
         515  -15813.984021238884     
         516  -15814.144453976431     
         517  -15814.342390108541     
         518  -15814.569460282211     
         519  -15814.817135928013     
         520  -15815.054622818914     
         521  -15815.321910027789     
         522  -15815.655208855993     
         523  -15815.960479627314     
         524  -15816.314860614360     
         525  -15816.654111716896     
         526  -15816.992161360724     
         527  -15817.324402902772     
         528  -15817.728120522201     
         529  -15818.098223820913     
         530  -15818.553033739723     
         531  -15818.980069716084     
         532  -15819.430647453757     
         533  -15819.855718632087     
         534  -15820.314131820480     
         535  -15820.805204595443     
         536  -15821.279951362792     
         537  -15821.756399422664     
         538  -15822.185595085823     
         539  -15822.633992178413     
         540  -15823.104854616684     
         541  -15823.582818961018     
         542  -15824.063655451127     
         543  -15824.524494985126     
         544  -15824.979790507477     
         545  -15825.443990846503     
         546  -15825.953913277272     
         547  -15826.427224167630     
         548  -15826.859751477692     
         549  -15827.366399369654     
         550  -15827.857368381436     
         551  -15828.339624866892     
         552  -15828.794008284440     
         553  -15829.268343992162     
         554  -15829.732282389316     
         555  -15830.233551740468     
         556  -15830.730598793061     
         557  -15831.207803605854     
         558  -15831.679330143006     
         559  -15832.181649141176     
         560  -15832.602288707716     
         561  -15833.014792154534     
         562  -15833.425742597910     
         563  -15833.852803600550     
         564  -15834.283814450320     
         565  -15834.650778918538     
         566  -15835.056923760962     
         567  -15835.452873201712     
         568  -15835.796643070456     
         569  -15836.124361568363     
         570  -15836.453558883157     
         571  -15836.734836598656     
         572  -15837.008066083399     
         573  -15837.242393948991     
         574  -15837.466608978249     
         575  -15837.653650209046     
         576  -15837.854712323060     
         577  -15838.013082316065     
         578  -15838.172621093612     
         579  -15838.276707863137     
         580  -15838.324626153420     
         581  -15838.360491666655     
         582  -15838.432133734041     
         583  -15838.472049147687     
         584  -15838.427749572867     
         585  -15838.399452280521     
         586  -15838.282814883452     
         587  -15838.211683899755     
         588  -15838.078168069258     
         589  -15837.930717367630     
         590  -15837.728641476660     
         591  -15837.502023030049     
         592  -15837.217815920802     
         593  -15836.958429597771     
         594  -15836.631463733262     
         595  -15836.319519981460     
         596  -15835.956449791391     
         597  -15835.613817756124     
         598  -15835.218125308838     
         599  -15834.781559828680     
         600  -15834.349818094839     
         601  -15833.875670754129     
         602  -15833.390053372445     
         603  -15832.897923872950     
         604  -15832.363324969170     
         605  -15831.824704050930     
         606  -15831.253652459633     
         607  -15830.655193080203     
         608  -15830.075244702293     
         609  -15829.485328240084     
         610  -15828.868205746376     
         611  -15828.221531343450     
         612  -15827.643397778256     
         613  -15827.016068345391     
         614  -15826.404110854195     
         615  -15825.786452904556     
         616  -15825.183055323303     
         617  -15824.569128231928     
         618  -15823.964502106290     
         619  -15823.344375415958     
         620  -15822.736123661662     
         621  -15822.111204317207     
         622  -15821.515493543937     
         623  -15820.931631476533     
         624  -15820.353391433206     
         625  -15819.815506210105     
         626  -15819.233579941734     
         627  -15818.690734787275     
         628  -15818.147229712175     
         629  -15817.660139244466     
         630  -15817.200873582195     
         631  -15816.725977473832     
         632  -15816.296188323528     
         633  -15815.815905106525     
         634  -15815.368176195128     
         635  -15814.998773933879     
         636  -15814.608286889592     
         637  -15814.268473248845     
         638  -15813.932023786301     
         639  -15813.633462699687     
         640  -15813.381221487476     
         641  -15813.153866142186     
         642  -15812.989528894837     
         643  -15812.807175867538     
         644  -15812.659754951886     
         645  -15812.540552645673     
         646  -15812.472587680169     
         647  -15812.411856474691     
         648  -15812.403578212656     
         649  -15812.459421949332     
         650  -15812.531460923847     
         651  -15812.597771377543     
         652  -15812.710708610124     
         653  -15812.870521319364     
         654  -15813.055066384120     
         655  -15813.320314947281     
         656  -15813.584435741623     
         657  -15813.899510395144     
         658  -15814.235686272375     
         659  -15814.611407376986     
         660  -15815.015305909321     
         661  -15815.439704845267     
         662  -15815.928900894114     
         663  -15816.460063680050     
         664  -15817.017876017684     
         665  -15817.605468459858     
         666  -15818.214781401432     
         667  -15818.860000185561     
         668  -15819.570104318695     
         669  -15820.247510787425     
         670  -15820.995461691395     
         671  -15821.760885240048     
         672  -15822.561299370673     
         673  -15823.373222843982     
         674  -15824.217743458503     
         675  -15825.086073598597     
         676  -15825.987975001848     
         677  -15826.881110299040     
         678  -15827.797371641816     
         679  -15828.742562190650     
         680  -15829.707550307605     
         681  -15830.694262652501     
         682  -15831.685896909217     
         683  -15832.687991030014     
         684  -15833.717153036027     
         685  -15834.760121402294     
         686  -15835.788670465861     
         687  -15836.822899809013     
         688  -15837.860519783113     
         689  -15838.884295857928     
         690  -15839.906751625873     
         691  -15840.903059002159     
         692  -15841.919092594002     
         693  -15842.937447198081     
         694  -15843.933267014079     
         695  -15844.885402540174     
         696  -15845.835948274645     
         697  -15846.756241558027     
         698  -15847.640030841034     
         699  -15848.525601116358     
         700  -15849.358317258895     
         701  -15850.146857292644     
         702  -15850.870189561419     
         703  -15851.611478333511     
         704  -15852.267949441502     
         705  -15852.934015363877     
         706  -15853.548002154486     
         707  -15854.096692695624     
         708  -15854.592986700931     
         709  -15855.035054846931     
         710  -15855.458304570038     
         711  -15855.794158668705     
         712  -15856.074551446000     
         713  -15856.305600975329     
         714  -15856.456315193424     
         715  -15856.585207931179     
         716  -15856.654122851362     
         717  -15856.654787088875     
         718  -15856.575491272617     
         719  -15856.434420151298     
         720  -15856.220083043416     
         721  -15855.995692597791     
         722  -15855.694307896034     
         723  -15855.319814963183     
         724  -15854.879996680533     
         725  -15854.379135481675     
         726  -15853.799333443952     
         727  -15853.208434060085     
         728  -15852.514343768755     
         729  -15851.807578160809     
         730  -15851.003837824788     
         731  -15850.179004253547     
         732  -15849.275123770696     
         733  -15848.316217959924     
         734  -15847.307965596894     
         735  -15846.274691621053     
         736  -15845.177600502231     
         737  -15844.045007491201     
         738  -15842.883035239305     
         739  -15841.690480956442     
         740  -15840.455124470402     
         741  -15839.190866709210     
         742  -15837.867055402123     
         743  -15836.535027132921     
         744  -15835.182918184200     
         745  -15833.813873456529     
         746  -15832.401302638113     
         747  -15831.019186485139     
         748  -15829.607538683824     
         749  -15828.195794520256     
         750  -15826.735204990058     
         751  -15825.311099638151     
         752  -15823.863656672682     
         753  -15822.411142026342     
         754  -15821.001653217361     
         755  -15819.601316473512     
         756  -15818.198660494425     
         757  -15816.834225550449     
         758  -15815.503854284952     
         759  -15814.184683156152     
         760  -15812.868578795211     
         761  -15811.633008848783     
         762  -15810.425019575729     
         763  -15809.269789480330     
         764  -15808.088046243631     
         765  -15806.979038286812     
         766  -15805.941460704629     
         767  -15804.925434668026     
         768  -15803.981396340872     
         769  -15803.059156686248     
         770  -15802.216326785707     
         771  -15801.413575669932     
         772  -15800.682145863679     
         773  -15800.045566801322     
         774  -15799.400745079987     
         775  -15798.867702362706     
         776  -15798.346733224847     
         777  -15797.905434194401     
         778  -15797.514462974108     
         779  -15797.177842652214     
         780  -15796.914368139693     
         781  -15796.723988675931     
         782  -15796.576841228672     
         783  -15796.494966937815     
         784  -15796.470499638193     
         785  -15796.514096531148     
         786  -15796.617618069582     
         787  -15796.791405958371     
         788  -15797.015935411162     
         789  -15797.286550361130     
         790  -15797.631935766973     
         791  -15798.021076092053     
         792  -15798.448960775291     
         793  -15798.921539710085     
         794  -15799.489454067761     
         795  -15800.061822415953     
         796  -15800.689120521070     
         797  -15801.358381912101     
         798  -15802.116251691634     
         799  -15802.886492741685     
         800  -15803.708158191985     
         801  -15804.549463194056     
         802  -15805.460456534789     
         803  -15806.409328034528     
         804  -15807.382765521768     
         805  -15808.412209332801     
         806  -15809.461994645115     
         807  -15810.518699694207     
         808  -15811.606188759570     
         809  -15812.696186622263     
         810  -15813.790207362839     
         811  -15814.900915396311     
         812  -15816.052044911961     
         813  -15817.196661685795     
         814  -15818.354887080442     
         815  -15819.557974509486     
         816  -15820.740460668698     
         817  -15821.915094651584     
         818  -15823.061141335756     
         819  -15824.236102222303     
         820  -15825.408201458295     
         821  -15826.568025961236     
         822  -15827.736031289051     
         823  -15828.880572375238     
         824  -15829.996188264917     
         825  -15831.118430135895     
         826  -15832.201044768664     
         827  -15833.339286752618     
         828  -15834.442478579984     
         829  -15835.513057186779     
         830  -15836.542362525382     
         831  -15837.585138351300     
         832  -15838.591901500031     
         833  -15839.599006545935     
         834  -15840.590761354089     
         835  -15841.514379868944     
         836  -15842.402710090706     
         837  -15843.322265249426     
         838  -15844.213006141154     
         839  -15845.037347987207     
         840  -15845.858221556153     
         841  -15846.641885870971     
         842  -15847.406836338201     
         843  -15848.149218855642     
         844  -15848.876339513872     
         845  -15849.562156532391     
         846  -15850.214159345653     
         847  -15850.854709476700     
         848  -15851.431779014685     
         849  -15852.027428994952     
         850  -15852.548676526922     
         851  -15853.084926213529     
         852  -15853.561828800141     
         853  -15854.053961218113     
         854  -15854.539187906694     
         855  -15854.932083861720     
         856  -15855.303450224741     
         857  -15855.668283437393     
         858  -15856.008125797327     
         859  -15856.379028059442     
         860  -15856.688113380367     
         861  -15856.957803583218     
         862  -15857.225448002169     
         863  -15857.431643935128     
         864  -15857.628608654006     
         865  -15857.831407394038     
         866  -15857.939712139721     
         867  -15858.083895730420     
         868  -15858.208187465067     
         869  -15858.260575734990     
         870  -15858.330484064945     
         871  -15858.354774157298     
         872  -15858.374409234240     
         873  -15858.396873491303     
         874  -15858.396170652499     
         875  -15858.312841756080     
         876  -15858.221292655426     
         877  -15858.114092924259     
         878  -15857.976350864470     
         879  -15857.852715808991     
         880  -15857.650050811140     
         881  -15857.435315256849     
         882  -15857.182393097170     
         883  -15856.902418041249     
         884  -15856.617656676064     
         885  -15856.354078775479     
         886  -15856.011107231379     
         887  -15855.678028711232     
         888  -15855.298904091778     
         889  -15854.914599903968     
         890  -15854.506397789084     
         891  -15854.066815505304     
         892  -15853.644275583722     
         893  -15853.160529301193     
         894  -15852.682603576728     
         895  -15852.150969172033     
         896  -15851.617806404780     
         897  -15851.031116913635     
         898  -15850.383564583635     
         899  -15849.712553172689     
         900  -15849.089042758684     
         901  -15848.442555128120     
         902  -15847.725054220813     
         903  -15847.029896066193     
         904  -15846.290440425910     
         905  -15845.548121050375     
         906  -15844.766245300842     
         907  -15843.989994584394     
         908  -15843.193927207838     
         909  -15842.345241687484     
         910  -15841.522863203520     
         911  -15840.649392445102     
         912  -15839.774151830590     
         913  -15838.853420083808     
         914  -15837.932894089570     
         915  -15836.976437999376     
         916  -15835.996292353861     
         917  -15835.012290412164     
         918  -15834.055500707909     
         919  -15833.112369314778     
         920  -15832.132237365460     
         921  -15831.146357761247     
         922  -15830.092991130934     
         923  -15829.118957739935     
         924  -15828.106768191745     
         925  -15827.128814912408     
         926  -15826.123586169519     
         927  -15825.152527937749     
         928  -15824.128227284529     
         929  -15823.149362300350     
         930  -15822.188052218546     
         931  -15821.238812946536     
         932  -15820.307401353581     
         933  -15819.392019053701     
         934  -15818.494678476696     
         935  -15817.617404348945     
         936  -15816.773369127386     
         937  -15815.931063416419     
         938  -15815.151920779688     
         939  -15814.389481381468     
         940  -15813.626912348695     
         941  -15812.877159220043     
         942  -15812.197728785788     
         943  -15811.508383045921     
         944  -15810.903671667063     
         945  -15810.299447081261     
         946  -15809.752767055059     
         947  -15809.238728891652     
         948  -15808.777048552227     
         949  -15808.331370502268     
         950  -15807.965738870462     
         951  -15807.598858105830     
         952  -15807.316767460470     
         953  -15807.112266997421     
         954  -15806.925932430118     
         955  -15806.750249397603     
         956  -15806.648298323706     
         957  -15806.545281379698     
         958  -15806.518738373283     
         959  -15806.545652101569     
         960  -15806.569370360730     
         961  -15806.670662253957     
         962  -15806.826020699245     
         963  -15807.034147290240     
         964  -15807.275010768224     
         965  -15807.543356265824     
         966  -15807.841251238409     
         967  -15808.133387025564     
         968  -15808.469993701290     
         969  -15808.797065406665     
         970  -15809.209374296144     
         971  -15809.667694468642     
         972  -15810.076924358429     
         973  -15810.520539423091     
         974  -15810.996436169871     
         975  -15811.506187728120     
         976  -15811.991827962180     
         977  -15812.533161436771     
         978  -15813.072289824080     
         979  -15813.588542826041     
         980  -15814.109684906700     
         981  -15814.641235397785     
         982  -15815.151465717987     
         983  -15815.698084993959     
         984  -15816.242098405495     
         985  -15816.781796161122     
         986  -15817.300652785449     
         987  -15817.815745653477     
         988  -15818.303230432428     
         989  -15818.817451809849     
         990  -15819.319843535144     
         991  -15819.816589030315     
         992  -15820.310209828735     
         993  -15820.780905113885     
         994  -15821.182923007384     
         995  -15821.597109341123     
         996  -15822.003836680946     
         997  -15822.383547342715     
         998  -15822.753965162065     
         999  -15823.062163812845     
        1000  -15823.363117896735     
=======
           0  -7033.8594966159753     
           1  -7033.4054773797470     
           2  -7032.6490343772439     
           3  -7031.5905013682359     
           4  -7030.2303270231741     
           5  -7028.5690795534019     
           6  -7026.6074526223147     
           7  -7024.3462725303416     
           8  -7021.7827952718062     
           9  -7018.8995601338174     
          10  -7015.6831077707548     
          11  -7012.1424760244972     
          12  -7008.2831388190025     
          13  -7004.1329684683105     
          14  -6999.6865199332560     
          15  -6994.9349909342400     
          16  -6989.9218064497400     
          17  -6984.5865511902239     
          18  -6979.0475563742511     
          19  -6973.2076904633959     
          20  -6967.1153812315933     
          21  -6960.7821009829695     
          22  -6954.1676160785037     
          23  -6947.2805627760890     
          24  -6940.1373941502625     
          25  -6932.7736253801777     
          26  -6925.1768033767657     
          27  -6917.3424581363879     
          28  -6909.2703481335875     
          29  -6901.0165799546257     
          30  -6892.5261369659738     
          31  -6883.8711720556648     
          32  -6874.9829639811378     
          33  -6865.9385552209660     
          34  -6856.7262440096783     
          35  -6847.3647530713397     
          36  -6837.8325009689097     
          37  -6828.1903924695916     
          38  -6818.4032087591568     
          39  -6808.5182274820090     
          40  -6798.5646978627574     
          41  -6788.5166505638181     
          42  -6778.4231254035649     
          43  -6768.2443891215353     
          44  -6758.0789198295224     
          45  -6747.8804951661223     
          46  -6737.6852221732097     
          47  -6727.4923589991367     
          48  -6717.3647289144255     
          49  -6707.2909670844583     
          50  -6697.2896823166984     
          51  -6687.3795726858752     
          52  -6677.6054270570557     
          53  -6667.9561405275581     
          54  -6658.4539683345465     
          55  -6649.1209349109158     
          56  -6639.9787404525214     
          57  -6631.0449477622660     
          58  -6622.3329021766931     
          59  -6613.8553399076718     
          60  -6605.6392115010340     
          61  -6597.6994874155589     
          62  -6590.0317079626084     
          63  -6582.6565427411288     
          64  -6575.6048153656575     
          65  -6568.8727974557805     
          66  -6562.4519303694606     
          67  -6556.3845871253479     
          68  -6550.6449359336102     
          69  -6545.2766459537252     
          70  -6540.2848828502356     
          71  -6535.6363626874972     
          72  -6531.3560545683968     
          73  -6527.4453125129930     
          74  -6523.9080042981768     
          75  -6520.7244319740257     
          76  -6517.9034762730962     
          77  -6515.4454145558238     
          78  -6513.3456723026457     
          79  -6511.5837550464730     
          80  -6510.1641905156102     
          81  -6509.0719658226790     
          82  -6508.2948974204919     
          83  -6507.8609810542512     
          84  -6507.7304075099701     
          85  -6507.9222797872080     
          86  -6508.3583148012858     
          87  -6509.1011414608729     
          88  -6510.0863830330072     
          89  -6511.3125515212241     
          90  -6512.7890096664596     
          91  -6514.4988259282636     
          92  -6516.4025410010745     
          93  -6518.5015589606046     
          94  -6520.7822891476480     
          95  -6523.2274693451063     
          96  -6525.8273088943579     
          97  -6528.5721105802468     
          98  -6531.4523528658046     
          99  -6534.4326577188567     
         100  -6537.5262504380307     
         101  -6540.7169012835857     
         102  -6543.9960785726553     
         103  -6547.3184066337335     
         104  -6550.7095650271640     
         105  -6554.1175100797418     
         106  -6557.5761590596712     
         107  -6561.0417118454243     
         108  -6564.5080274201255     
         109  -6568.0066187720950     
         110  -6571.5136461491002     
         111  -6574.9871469336176     
         112  -6578.4265234546629     
         113  -6581.8539951359217     
         114  -6585.2327351067825     
         115  -6588.5784758035443     
         116  -6591.8701812929621     
         117  -6595.0909798613784     
         118  -6598.2542689113116     
         119  -6601.3701710766272     
         120  -6604.3859711986051     
         121  -6607.3386366149061     
         122  -6610.2060910490700     
         123  -6613.0075769334344     
         124  -6615.7180371357890     
         125  -6618.3463277171022     
         126  -6620.9053409748294     
         127  -6623.3413757159815     
         128  -6625.7015793179889     
         129  -6627.9626457396716     
         130  -6630.1611723271972     
         131  -6632.2186858301466     
         132  -6634.1983922092959     
         133  -6636.0930797525571     
         134  -6637.9143932158922     
         135  -6639.6184225396655     
         136  -6641.2545139669292     
         137  -6642.7866196162950     
         138  -6644.2384648421366     
         139  -6645.6005317528698     
         140  -6646.8596806474243     
         141  -6648.0401679575543     
         142  -6649.1664470619889     
         143  -6650.2109812867457     
         144  -6651.1798862778514     
         145  -6652.0868607329503     
         146  -6652.9084833247116     
         147  -6653.6289026927352     
         148  -6654.3179598494280     
         149  -6654.9264677165575     
         150  -6655.4909269575746     
         151  -6655.9921114908102     
         152  -6656.4480095681402     
         153  -6656.8543908552601     
         154  -6657.2144945820119     
         155  -6657.5129331855760     
         156  -6657.7865313009688     
         157  -6658.0162599300511     
         158  -6658.2202605535322     
         159  -6658.3906553999814     
         160  -6658.5456292162953     
         161  -6658.6586735763485     
         162  -6658.7590619666425     
         163  -6658.8388189952893     
         164  -6658.9010861920415     
         165  -6658.9749972866903     
         166  -6659.0449601985783     
         167  -6659.0952877741893     
         168  -6659.1400459247398     
         169  -6659.1820430895932     
         170  -6659.2649062694127     
         171  -6659.3056436130146     
         172  -6659.3663482514530     
         173  -6659.4419317722095     
         174  -6659.5234730830116     
         175  -6659.6503493875853     
         176  -6659.7762551741253     
         177  -6659.9254195769936     
         178  -6660.0735682350669     
         179  -6660.2670753581879     
         180  -6660.4888481507378     
         181  -6660.7253255112300     
         182  -6661.0038368827245     
         183  -6661.3068874554529     
         184  -6661.6391610805313     
         185  -6661.9977790107887     
         186  -6662.3685700657215     
         187  -6662.8005032623696     
         188  -6663.2567606749180     
         189  -6663.7413645974584     
         190  -6664.2545030430529     
         191  -6664.7739006529255     
         192  -6665.3367016160491     
         193  -6665.9427597516033     
         194  -6666.5769267570349     
         195  -6667.2350575613409     
         196  -6667.9278466137721     
         197  -6668.6733537418831     
         198  -6669.4225492000351     
         199  -6670.1932510645020     
         200  -6671.0069511805405     
         201  -6671.8702036816212     
         202  -6672.7225259112374     
         203  -6673.6149675148872     
         204  -6674.5352724928134     
         205  -6675.4823242737048     
         206  -6676.4586871920528     
         207  -6677.4557184837004     
         208  -6678.4572569486072     
         209  -6679.4806106607912     
         210  -6680.5207380277370     
         211  -6681.5800121345474     
         212  -6682.6384718638956     
         213  -6683.7319533634927     
         214  -6684.8292825275012     
         215  -6685.9327685727103     
         216  -6687.0372466669078     
         217  -6688.1562316220707     
         218  -6689.2659549028158     
         219  -6690.3947283518246     
         220  -6691.5262299204978     
         221  -6692.6590523125078     
         222  -6693.7992406549683     
         223  -6694.9416367213453     
         224  -6696.0736505967388     
         225  -6697.2050493834513     
         226  -6698.3418566571590     
         227  -6699.4566747805138     
         228  -6700.5630363337332     
         229  -6701.6558434172111     
         230  -6702.7337671099494     
         231  -6703.8141037563164     
         232  -6704.8769664553320     
         233  -6705.9434471675568     
         234  -6706.9639340488357     
         235  -6707.9781592533618     
         236  -6708.9775299359644     
         237  -6709.9571784267437     
         238  -6710.8973872346196     
         239  -6711.8231143469993     
         240  -6712.7072959919833     
         241  -6713.5824604713371     
         242  -6714.4327441576106     
         243  -6715.2758851829485     
         244  -6716.0738305249606     
         245  -6716.8630213911229     
         246  -6717.6166330305723     
         247  -6718.3191145059900     
         248  -6719.0070820832334     
         249  -6719.6650437632752     
         250  -6720.2962132155262     
         251  -6720.8852528207644     
         252  -6721.4801744763145     
         253  -6722.0285531631580     
         254  -6722.5450179541676     
         255  -6723.0144853018019     
         256  -6723.4517325303595     
         257  -6723.8678477020203     
         258  -6724.2442459470494     
         259  -6724.5773097005776     
         260  -6724.8894827781978     
         261  -6725.1623608770578     
         262  -6725.4260189686674     
         263  -6725.6472781202774     
         264  -6725.8301944810501     
         265  -6725.9938097173936     
         266  -6726.1162532334001     
         267  -6726.2203677206198     
         268  -6726.2844063293978     
         269  -6726.3276045096927     
         270  -6726.3505855731637     
         271  -6726.3316781890308     
         272  -6726.2790467268023     
         273  -6726.1971059665484     
         274  -6726.1051727081913     
         275  -6725.9853285725385     
         276  -6725.8531810138065     
         277  -6725.7057265337753     
         278  -6725.5250731932319     
         279  -6725.3044930135893     
         280  -6725.0446903650172     
         281  -6724.7797481337939     
         282  -6724.4991579302750     
         283  -6724.2184013875194     
         284  -6723.9268494419348     
         285  -6723.6250754334915     
         286  -6723.2950066206849     
         287  -6722.9444881037934     
         288  -6722.5888682627119     
         289  -6722.2136868673497     
         290  -6721.7932511349272     
         291  -6721.3799848773688     
         292  -6720.9667655818403     
         293  -6720.5352438819564     
         294  -6720.0856900754352     
         295  -6719.6072095609034     
         296  -6719.1000159004852     
         297  -6718.5866739855255     
         298  -6718.0637120780402     
         299  -6717.5424732623351     
         300  -6717.0119796075433     
         301  -6716.4575425728835     
         302  -6715.8756969892474     
         303  -6715.2778434048578     
         304  -6714.6791008121363     
         305  -6714.0648297121315     
         306  -6713.4501953318850     
         307  -6712.8355275311587     
         308  -6712.1913523202238     
         309  -6711.5254206309937     
         310  -6710.8492779447515     
         311  -6710.1707813296207     
         312  -6709.4865670339204     
         313  -6708.7933276413733     
         314  -6708.1138786254978     
         315  -6707.4189273313959     
         316  -6706.7052311491843     
         317  -6705.9882077543489     
         318  -6705.2981641746528     
         319  -6704.5648780471456     
         320  -6703.8447344451233     
         321  -6703.1122289839768     
         322  -6702.3791186342205     
         323  -6701.6385688214959     
         324  -6700.8837252933545     
         325  -6700.1263876042976     
         326  -6699.3672529965870     
         327  -6698.6069728687853     
         328  -6697.8350784795148     
         329  -6697.0634391190397     
         330  -6696.2964398416243     
         331  -6695.5497319923679     
         332  -6694.7979779257212     
         333  -6694.0531228051914     
         334  -6693.2861634544961     
         335  -6692.5276984733591     
         336  -6691.8008654252017     
         337  -6691.0953602814807     
         338  -6690.3636432592675     
         339  -6689.6623982780429     
         340  -6688.9553144579932     
         341  -6688.2768330183408     
         342  -6687.5906824413696     
         343  -6686.9089623927539     
         344  -6686.2586709526950     
         345  -6685.6072367358274     
         346  -6684.9668082223070     
         347  -6684.3383507546905     
         348  -6683.7339989053999     
         349  -6683.1621312378866     
         350  -6682.5939017930459     
         351  -6682.0861016985036     
         352  -6681.5652108039221     
         353  -6681.0618596652348     
         354  -6680.5880640549494     
         355  -6680.1111398669254     
         356  -6679.6839626128149     
         357  -6679.2886347401072     
         358  -6678.9146973050274     
         359  -6678.5702024000093     
         360  -6678.2669050057830     
         361  -6677.9494578585391     
         362  -6677.6778470124600     
         363  -6677.4264094289401     
         364  -6677.2028553011796     
         365  -6677.0073905317104     
         366  -6676.8401717965689     
         367  -6676.7199012582360     
         368  -6676.6130560278343     
         369  -6676.5455690647777     
         370  -6676.5060376510573     
         371  -6676.4867391659627     
         372  -6676.5096271334987     
         373  -6676.5593604240385     
         374  -6676.6242236868020     
         375  -6676.7222358672725     
         376  -6676.8378271522879     
         377  -6676.9776516638203     
         378  -6677.1408636556380     
         379  -6677.3377086730789     
         380  -6677.5299675792749     
         381  -6677.7538219588896     
         382  -6678.0007538986738     
         383  -6678.2435201057069     
         384  -6678.5181165824333     
         385  -6678.7860855350291     
         386  -6679.0796550914311     
         387  -6679.3937778428053     
         388  -6679.7011008632344     
         389  -6680.0152522226290     
         390  -6680.3944778112827     
         391  -6680.7369052072390     
         392  -6681.1082222425130     
         393  -6681.4699317314189     
         394  -6681.8319734573879     
         395  -6682.1968595566323     
         396  -6682.5856890729747     
         397  -6682.9489749287513     
         398  -6683.3191420956155     
         399  -6683.6914330665086     
         400  -6684.0500178117945     
         401  -6684.4424104830505     
         402  -6684.8082329936278     
         403  -6685.1988713409628     
         404  -6685.5429637334837     
         405  -6685.8994463702138     
         406  -6686.2305850370658     
         407  -6686.5620089205886     
         408  -6686.8784911225557     
         409  -6687.2058220231174     
         410  -6687.5065515912747     
         411  -6687.8252424279235     
         412  -6688.1059928259210     
         413  -6688.3785656422779     
         414  -6688.6728319046206     
         415  -6688.9441967521134     
         416  -6689.2002423191352     
         417  -6689.4523581436988     
         418  -6689.7156717965654     
         419  -6689.9457916039928     
         420  -6690.1876581718898     
         421  -6690.4341615989815     
         422  -6690.6446972489985     
         423  -6690.8865995538099     
         424  -6691.1006284240339     
         425  -6691.3057271629186     
         426  -6691.5171262903696     
         427  -6691.7090783345684     
         428  -6691.8818781794762     
         429  -6692.0581615009551     
         430  -6692.2455940642412     
         431  -6692.4369338712240     
         432  -6692.6137255783287     
         433  -6692.7872640333953     
         434  -6692.9427965784926     
         435  -6693.1250829248384     
         436  -6693.2672117674456     
         437  -6693.4473341127568     
         438  -6693.6207187518685     
         439  -6693.7761579097851     
         440  -6693.9396156889861     
         441  -6694.1109500281300     
         442  -6694.2378843280458     
         443  -6694.3946644381504     
         444  -6694.5401350909551     
         445  -6694.6852662565661     
         446  -6694.8074367367190     
         447  -6694.9249904418193     
         448  -6695.0339467766034     
         449  -6695.1562939586311     
         450  -6695.2731530579122     
         451  -6695.3656006936408     
         452  -6695.4928889696730     
         453  -6695.5914237253755     
         454  -6695.6571964189916     
         455  -6695.7122167662110     
         456  -6695.7822816539028     
         457  -6695.8261784640254     
         458  -6695.8957362658912     
         459  -6695.9609941980825     
         460  -6695.9956885973816     
         461  -6696.0219053317769     
         462  -6696.0357617783993     
         463  -6696.0371262466379     
         464  -6696.0296209858143     
         465  -6696.0057533484896     
         466  -6696.0138139904411     
         467  -6695.9904866638326     
         468  -6695.9468881082239     
         469  -6695.8830456639780     
         470  -6695.8213589494690     
         471  -6695.7767906662602     
         472  -6695.6936283532068     
         473  -6695.6240992869489     
         474  -6695.5534757305877     
         475  -6695.4521855449402     
         476  -6695.3539265611953     
         477  -6695.2476947525793     
         478  -6695.1336942497492     
         479  -6695.0233754488409     
         480  -6694.9207784164755     
         481  -6694.7777900399506     
         482  -6694.6394038235867     
         483  -6694.4723968858689     
         484  -6694.3329188865837     
         485  -6694.1766859414547     
         486  -6694.0040533624924     
         487  -6693.8339896333709     
         488  -6693.6482755124161     
         489  -6693.4659247910995     
         490  -6693.2724399700764     
         491  -6693.0980043141808     
         492  -6692.8983693654382     
         493  -6692.6925584558840     
         494  -6692.4809849465664     
         495  -6692.2901769262435     
         496  -6692.0982410142287     
         497  -6691.8982091139069     
         498  -6691.6719361505247     
         499  -6691.4906034379101     
         500  -6691.2877047198008     
         501  -6691.0897854146097     
         502  -6690.8899367702697     
         503  -6690.6886495315739     
         504  -6690.4901699454695     
         505  -6690.2913306245027     
         506  -6690.1075507512205     
         507  -6689.9282335063535     
         508  -6689.7539675856560     
         509  -6689.5964928628409     
         510  -6689.4228773930399     
         511  -6689.2858345177892     
         512  -6689.1450637568132     
         513  -6689.0048639244951     
         514  -6688.8732590594182     
         515  -6688.7620215548795     
         516  -6688.6456908018690     
         517  -6688.5546255093404     
         518  -6688.4521462401353     
         519  -6688.3574377676096     
         520  -6688.3045442889343     
         521  -6688.2270093847492     
         522  -6688.1885674407486     
         523  -6688.1747765679866     
         524  -6688.1637819757898     
         525  -6688.1522293244416     
         526  -6688.1590946092410     
         527  -6688.1959025675369     
         528  -6688.2368492994465     
         529  -6688.2858793251889     
         530  -6688.3766892945832     
         531  -6688.4721990578628     
         532  -6688.5836779806787     
         533  -6688.7037213571029     
         534  -6688.8508954786539     
         535  -6688.9953713741561     
         536  -6689.1742215321019     
         537  -6689.3649078920316     
         538  -6689.5708860890145     
         539  -6689.7806646626823     
         540  -6690.0087716269318     
         541  -6690.2510543538738     
         542  -6690.5256380332730     
         543  -6690.8060241660642     
         544  -6691.1214402694550     
         545  -6691.4228538113466     
         546  -6691.7356341567129     
         547  -6692.0516339108190     
         548  -6692.3887404193483     
         549  -6692.7275671778179     
         550  -6693.0673116510379     
         551  -6693.4257624471493     
         552  -6693.7984002779986     
         553  -6694.1769168168603     
         554  -6694.5157503804221     
         555  -6694.8996775008573     
         556  -6695.2608136343106     
         557  -6695.6355090545676     
         558  -6696.0191703974442     
         559  -6696.3997495759104     
         560  -6696.7689113292354     
         561  -6697.1556140645243     
         562  -6697.5255256076762     
         563  -6697.9001117808211     
         564  -6698.2786128735561     
         565  -6698.6491301462884     
         566  -6699.0070933536272     
         567  -6699.3629601980429     
         568  -6699.7159912104571     
         569  -6700.0543436789376     
         570  -6700.3736621343196     
         571  -6700.7142684043547     
         572  -6701.0345928569341     
         573  -6701.3489391622488     
         574  -6701.6530425016535     
         575  -6701.9575672513129     
         576  -6702.2434723998413     
         577  -6702.5140229534763     
         578  -6702.7725017577604     
         579  -6702.9999462073329     
         580  -6703.2183594205817     
         581  -6703.4349211166027     
         582  -6703.6270213838079     
         583  -6703.8056018528778     
         584  -6703.9853932984151     
         585  -6704.1141418352718     
         586  -6704.2661945577674     
         587  -6704.4005424947218     
         588  -6704.5171452326322     
         589  -6704.6197738986739     
         590  -6704.7233979257853     
         591  -6704.8207753421229     
         592  -6704.8821857615039     
         593  -6704.9450630270767     
         594  -6704.9687635198115     
         595  -6704.9907814596236     
         596  -6705.0225775585513     
         597  -6705.0049637394695     
         598  -6705.0090316644382     
         599  -6704.9756592656931     
         600  -6704.9350678149831     
         601  -6704.8988573700644     
         602  -6704.8302812975144     
         603  -6704.7856872760640     
         604  -6704.7134992665888     
         605  -6704.6328382948986     
         606  -6704.5405003653250     
         607  -6704.4370381379040     
         608  -6704.3527611812751     
         609  -6704.2435125558304     
         610  -6704.1060691904313     
         611  -6703.9818406083286     
         612  -6703.8489509064848     
         613  -6703.7152623950424     
         614  -6703.5960568845621     
         615  -6703.4544705600456     
         616  -6703.3168720023159     
         617  -6703.1537940257522     
         618  -6703.0212720770305     
         619  -6702.8711056318944     
         620  -6702.7071212964092     
         621  -6702.5591987860580     
         622  -6702.4273989970870     
         623  -6702.2745742969419     
         624  -6702.0894729032734     
         625  -6701.9352609149328     
         626  -6701.7597216543763     
         627  -6701.5812964945944     
         628  -6701.4108994968756     
         629  -6701.2259805761214     
         630  -6701.0560513746286     
         631  -6700.8821911517934     
         632  -6700.7040578516207     
         633  -6700.5212819214948     
         634  -6700.3111788515098     
         635  -6700.1106270850196     
         636  -6699.9006104996206     
         637  -6699.6584607770628     
         638  -6699.4433538644216     
         639  -6699.2176765535787     
         640  -6698.9624937127928     
         641  -6698.7444543109514     
         642  -6698.4888359893985     
         643  -6698.2250780685390     
         644  -6697.9492195526045     
         645  -6697.6759114851429     
         646  -6697.3938151759057     
         647  -6697.1064546911757     
         648  -6696.8062199659153     
         649  -6696.4781326692146     
         650  -6696.1407682562249     
         651  -6695.8015220275001     
         652  -6695.4604144079185     
         653  -6695.1063156565451     
         654  -6694.7616345887564     
         655  -6694.3818159050697     
         656  -6694.0153989710734     
         657  -6693.6365136158411     
         658  -6693.2379356780712     
         659  -6692.8422519062115     
         660  -6692.4236864029635     
         661  -6692.0123277474631     
         662  -6691.5638792591144     
         663  -6691.1308192575061     
         664  -6690.6800043389358     
         665  -6690.2528291570397     
         666  -6689.8088322808017     
         667  -6689.3707704747085     
         668  -6688.9019527320024     
         669  -6688.4438531877240     
         670  -6687.9747030414919     
         671  -6687.4987942184407     
         672  -6687.0241418069363     
         673  -6686.5439486343594     
         674  -6686.0700581563606     
         675  -6685.6068773032493     
         676  -6685.1253953741934     
         677  -6684.6374749896731     
         678  -6684.1625102899643     
         679  -6683.6864136477006     
         680  -6683.2175000989573     
         681  -6682.7342285997202     
         682  -6682.2784287954582     
         683  -6681.8249218778992     
         684  -6681.3746187182314     
         685  -6680.9433673126796     
         686  -6680.5283469508204     
         687  -6680.1193407582841     
         688  -6679.7098453623321     
         689  -6679.3157326062819     
         690  -6678.9342103287063     
         691  -6678.5438785637261     
         692  -6678.1642881309008     
         693  -6677.8298569675653     
         694  -6677.5117254508168     
         695  -6677.2032828969177     
         696  -6676.9090570277012     
         697  -6676.6373368815021     
         698  -6676.3926236489642     
         699  -6676.1570013985438     
         700  -6675.9460642298091     
         701  -6675.7641760206898     
         702  -6675.6156041596323     
         703  -6675.4785499800464     
         704  -6675.3572307152190     
         705  -6675.2408736085372     
         706  -6675.1670253267257     
         707  -6675.1173886752458     
         708  -6675.0699052990058     
         709  -6675.0842678337185     
         710  -6675.1121637697552     
         711  -6675.1759669495777     
         712  -6675.2495896152450     
         713  -6675.3440507999276     
         714  -6675.4666579544401     
         715  -6675.6134259088994     
         716  -6675.7952309469883     
         717  -6675.9819490309073     
         718  -6676.2029300881914     
         719  -6676.4390941942938     
         720  -6676.7047886857908     
         721  -6676.9771468699191     
         722  -6677.2853147035466     
         723  -6677.6137357777852     
         724  -6677.9505347576842     
         725  -6678.3284687976475     
         726  -6678.7021317992940     
         727  -6679.1004597226702     
         728  -6679.5151746001093     
         729  -6679.9789349145167     
         730  -6680.4164406237724     
         731  -6680.8789020778877     
         732  -6681.3616923584786     
         733  -6681.8267286592363     
         734  -6682.3289078488824     
         735  -6682.8487197239137     
         736  -6683.3592243622343     
         737  -6683.8818735164296     
         738  -6684.4120551473770     
         739  -6684.9377622366092     
         740  -6685.5027828438178     
         741  -6686.0653568796397     
         742  -6686.6097484338625     
         743  -6687.1537454294375     
         744  -6687.7300833228564     
         745  -6688.2635758137258     
         746  -6688.8241606929923     
         747  -6689.3925131091783     
         748  -6689.9455699982091     
         749  -6690.5161838358054     
         750  -6691.0925330709333     
         751  -6691.6478760896125     
         752  -6692.2225165292912     
         753  -6692.7786159451880     
         754  -6693.2932523484751     
         755  -6693.8179091009242     
         756  -6694.3557410695530     
         757  -6694.8912795481838     
         758  -6695.4053115817287     
         759  -6695.9344688920810     
         760  -6696.4111558321611     
         761  -6696.9017892623924     
         762  -6697.3723156761134     
         763  -6697.8370076581914     
         764  -6698.3250543372842     
         765  -6698.7911787850790     
         766  -6699.2385246250178     
         767  -6699.6664233952633     
         768  -6700.0816867651320     
         769  -6700.4725295410399     
         770  -6700.8457491498748     
         771  -6701.2230706883447     
         772  -6701.5852723666003     
         773  -6701.9428671537271     
         774  -6702.2691547988643     
         775  -6702.6045230149057     
         776  -6702.9074487307980     
         777  -6703.1922331078358     
         778  -6703.4619921111516     
         779  -6703.7087381267220     
         780  -6703.9282382106812     
         781  -6704.1274459156411     
         782  -6704.2984867380455     
         783  -6704.4298098998433     
         784  -6704.5843521019433     
         785  -6704.7134338655487     
         786  -6704.8316990176381     
         787  -6704.8943040524346     
         788  -6704.9532346441511     
         789  -6704.9711733605845     
         790  -6704.9704706338034     
         791  -6704.9623917225081     
         792  -6704.9172844780860     
         793  -6704.8502336072288     
         794  -6704.7615288296965     
         795  -6704.6552167312393     
         796  -6704.5391871845504     
         797  -6704.3916113950863     
         798  -6704.2353581788720     
         799  -6704.0636034361505     
         800  -6703.8547375037078     
         801  -6703.6281034404819     
         802  -6703.3919306632979     
         803  -6703.1285217512004     
         804  -6702.8499453604409     
         805  -6702.5608690191893     
         806  -6702.2622613318053     
         807  -6701.9552075859019     
         808  -6701.6184121539918     
         809  -6701.3051134095113     
         810  -6700.9792061095086     
         811  -6700.6194634518006     
         812  -6700.2754372509371     
         813  -6699.9110808997702     
         814  -6699.5572887204398     
         815  -6699.1742843173906     
         816  -6698.8115807739287     
         817  -6698.4591656114144     
         818  -6698.1070134060737     
         819  -6697.7413257084099     
         820  -6697.3631555219499     
         821  -6697.0033377455366     
         822  -6696.6405377738201     
         823  -6696.2943422163798     
         824  -6695.9694199499290     
         825  -6695.6331299681551     
         826  -6695.3160870839911     
         827  -6695.0190852239093     
         828  -6694.7316870565128     
         829  -6694.4359660330274     
         830  -6694.1474623372269     
         831  -6693.8704595052268     
         832  -6693.5980208279670     
         833  -6693.3417784954863     
         834  -6693.1133396983532     
         835  -6692.8795874772004     
         836  -6692.6854675548639     
         837  -6692.4865908777047     
         838  -6692.3092282871285     
         839  -6692.1238406104130     
         840  -6691.9677941577802     
         841  -6691.8263190425696     
         842  -6691.6995240710639     
         843  -6691.5949637966487     
         844  -6691.5052332421392     
         845  -6691.4340458446459     
         846  -6691.3591209919905     
         847  -6691.2879367871465     
         848  -6691.2428495451040     
         849  -6691.2015165976536     
         850  -6691.1937601728150     
         851  -6691.1897712162199     
         852  -6691.2193477940264     
         853  -6691.2490329345828     
         854  -6691.2974708757438     
         855  -6691.3572135470276     
         856  -6691.4357658564286     
         857  -6691.5331117592305     
         858  -6691.6604285021422     
         859  -6691.7879566072352     
         860  -6691.9120175962835     
         861  -6692.0809909697755     
         862  -6692.2799733336979     
         863  -6692.4902941267146     
         864  -6692.6821555423730     
         865  -6692.9149959516380     
         866  -6693.1551660258610     
         867  -6693.3987852656728     
         868  -6693.6791996903903     
         869  -6693.9477231882811     
         870  -6694.2486994240271     
         871  -6694.5445943797540     
         872  -6694.8573545096906     
         873  -6695.1827683059482     
         874  -6695.5314514529327     
         875  -6695.8990511453130     
         876  -6696.2626151893146     
         877  -6696.6363360930709     
         878  -6697.0455186621602     
         879  -6697.4447324752400     
         880  -6697.8740378887296     
         881  -6698.2841256312622     
         882  -6698.7000742833288     
         883  -6699.1320609863260     
         884  -6699.5678998390713     
         885  -6699.9953627329560     
         886  -6700.4133636630067     
         887  -6700.8431153250685     
         888  -6701.2797533603107     
         889  -6701.7035538901564     
         890  -6702.1096377857530     
         891  -6702.5601602975612     
         892  -6702.9758529037836     
         893  -6703.3704648501589     
         894  -6703.7503413914437     
         895  -6704.1552968416045     
         896  -6704.5433592856498     
         897  -6704.9023737371517     
         898  -6705.2611567303366     
         899  -6705.5964298843855     
         900  -6705.9222710690092     
         901  -6706.2341250001591     
         902  -6706.5424041363431     
         903  -6706.8203472479136     
         904  -6707.0858833372704     
         905  -6707.3272936927024     
         906  -6707.5627460082042     
         907  -6707.7769230307385     
         908  -6707.9880648725093     
         909  -6708.1735470269123     
         910  -6708.3443218246393     
         911  -6708.4965500454909     
         912  -6708.6190115838508     
         913  -6708.7154562110036     
         914  -6708.7934385628860     
         915  -6708.8791833304040     
         916  -6708.9208369723774     
         917  -6708.9410004569700     
         918  -6708.9810115419496     
         919  -6708.9966289728054     
         920  -6708.9846326690795     
         921  -6708.9529831327091     
         922  -6708.9245782749158     
         923  -6708.8627843116756     
         924  -6708.7831729101954     
         925  -6708.6864197649911     
         926  -6708.5844027596568     
         927  -6708.4667342049916     
         928  -6708.3341569405729     
         929  -6708.2023081445077     
         930  -6708.0570692466699     
         931  -6707.9104121344044     
         932  -6707.7519211371209     
         933  -6707.5674486277630     
         934  -6707.3949564486466     
         935  -6707.2277032331758     
         936  -6707.0514769052888     
         937  -6706.8632479695707     
         938  -6706.6710897643607     
         939  -6706.4867921876184     
         940  -6706.3035121261955     
         941  -6706.1068562894025     
         942  -6705.8824225743410     
         943  -6705.6753079307755     
         944  -6705.4486982895951     
         945  -6705.2401745702064     
         946  -6705.0463173812177     
         947  -6704.8338849038219     
         948  -6704.6142659249281     
         949  -6704.4136613283436     
         950  -6704.1987449812432     
         951  -6703.9993152200523     
         952  -6703.7893990717976     
         953  -6703.5838834831884     
         954  -6703.3901868374069     
         955  -6703.1784412724337     
         956  -6702.9671687299133     
         957  -6702.7636681003614     
         958  -6702.5678063436908     
         959  -6702.3830995854223     
         960  -6702.1758570068132     
         961  -6701.9904949027905     
         962  -6701.7895337869077     
         963  -6701.5875874208996     
         964  -6701.3806944081171     
         965  -6701.1908784111947     
         966  -6700.9917764262809     
         967  -6700.8054977522115     
         968  -6700.5795707171119     
         969  -6700.3546275798944     
         970  -6700.1415730811432     
         971  -6699.9363886485116     
         972  -6699.7164933998356     
         973  -6699.4816404242847     
         974  -6699.2465290842274     
         975  -6699.0146725228096     
         976  -6698.7672754695031     
         977  -6698.4930580217142     
         978  -6698.2328146055152     
         979  -6697.9901512871993     
         980  -6697.7352504858218     
         981  -6697.4717819965708     
         982  -6697.1960255122513     
         983  -6696.9191429853026     
         984  -6696.6486256757389     
         985  -6696.3510508060790     
         986  -6696.0637617738457     
         987  -6695.7497370814826     
         988  -6695.4463861798195     
         989  -6695.1315611214941     
         990  -6694.8427156211783     
         991  -6694.5503377823952     
         992  -6694.2397929597100     
         993  -6693.9263349572348     
         994  -6693.5991129077338     
         995  -6693.2882787174867     
         996  -6692.9644289257567     
         997  -6692.6502631730427     
         998  -6692.3313280291450     
         999  -6691.9894686364942     
        1000  -6691.6623541151575     
>>>>>>> e8ca2274b9a750e7bc64a1531ea3f0f932abaa57
