  0.99999999999999767     
  0.99945505680591062     
  0.99847072457738162     
  0.99704621597641196     
  0.99518066006047945     
  0.99287311376694198     
  0.99012260731093782     
  0.98692826653684906     
  0.98328915870508582     
  0.97920439012219807     
  0.97467306180684077     
  0.96969419194478090     
  0.96426687526597032     
  0.95839047843140301     
  0.95206459357494833     
  0.94528892479979121     
  0.93806354156941651     
  0.93038888265346309     
  0.92226583978383836     
  0.91369588793003553     
  0.90468104425411966     
  0.89522398667141445     
  0.88532820714872673     
  0.87499803180770430     
  0.86423877787389847     
  0.85305679608713436     
  0.84145954395698630     
  0.82945572231528752     
  0.81705541095669865     
  0.80427013526358493     
  0.79111295051707486     
  0.77759859321087532     
  0.76374353125813210     
  0.74956604484317746     
  0.73508632492636272     
  0.72032652306264244     
  0.70531080006913704     
  0.69006536152400844     
  0.67461846509609058     
  0.65900041240377505     
   1.0000000000000031     
  0.98010637125742317     
  0.95989082890044775     
  0.93939546345505642     
  0.91866569033363688     
  0.89775018069213031     
  0.87670071184801013     
  0.85557189238049414     
  0.83442094974791869     
  0.81330749983682671     
  0.79229301837597910     
  0.77144042332465168     
  0.75081356199248006     
  0.73047671699775718     
  0.71049410083828424     
  0.69092909271310321     
  0.67184356129267586     
  0.65329746090738239     
  0.63534815292728042     
  0.61804980536092347     
  0.60145278729708163     
  0.58560318166885805     
  0.57054250474326573     
  0.55630710340973033     
  0.54292798504625173     
  0.53043059508559387     
  0.51883461102176731     
  0.50815389608097561     
  0.49839652205715146     
  0.48956489391766500     
  0.48165583265135603     
  0.47466080669930050     
  0.46856627172318954     
  0.46335390135446969     
  0.45900097170785231     
  0.45548077430549022     
  0.45276301013162368     
  0.45081428996765277     
  0.44959851890387803     
  0.44907725832698181     
   1.0000000000000007     
   1.0007560976049865     
   1.0016549240637422     
   1.0026431433399692     
   1.0036702922069527     
   1.0046886863644309     
   1.0056536247303045     
   1.0065235790487461     
   1.0072600902272824     
   1.0078279065137341     
   1.0081948792819069     
   1.0083319564582505     
   1.0082133973803453     
   1.0078166149309478     
   1.0071220563487677     
   1.0061132485233559     
   1.0047767860329884     
   1.0031024200929342     
   1.0010827513574840     
  0.99871324483299828     
  0.99599244368206730     
  0.99292164870761135     
  0.98950488079209509     
  0.98574882917677242     
  0.98166269103070736     
  0.97725820373669692     
  0.97254950322700184     
  0.96755289315747617     
  0.96228668201403655     
  0.95677108274771239     
  0.95102820362349172     
  0.94508166962581397     
  0.93895646933681676     
  0.93267890596300818     
  0.92627615074691172     
  0.91977615968978144     
  0.91320763860267495     
  0.90659964686133143     
  0.89998151572145590     
  0.89338256682230777     
  0.99999999999999967     
  0.99307484980651517     
  0.98615935025460488     
  0.97928262225643170     
  0.97247326449700622     
  0.96575899198333748     
  0.95916650856330932     
  0.95272120098497348     
  0.94644688361756157     
  0.94036562973138016     
  0.93449750679950994     
  0.92886034456737432     
  0.92346959541224627     
  0.91833823364670031     
  0.91347659191002739     
  0.90889249849020415     
  0.90459113246651246     
  0.90057520948546188     
  0.89684510911922355     
  0.89339877862129935     
  0.89023221423161014     
  0.88733953936768939     
  0.88471315361337965     
  0.88234402058543293     
  0.88022183250466712     
  0.87833536483945462     
  0.87667256147561201     
  0.87522056873788501     
  0.87396620619621446     
  0.87289612101920155     
  0.87199682762505781     
  0.87125497949933595     
  0.87065741110713135     
  0.87019121025455748     
  0.86984394093612671     
  0.86960373843328986     
  0.86945932521917535     
  0.86940024791923454     
  0.86941678879148165     
  0.86949987413051899     
  0.99999999999999734     
   1.0001388468313057     
   1.0001910505963507     
   1.0001519216038666     
   1.0000182260330663     
  0.99978820107408573     
  0.99946123961638522     
  0.99903807594526062     
  0.99852055633113979     
  0.99791152339290112     
  0.99721479938925528     
  0.99643491302133536     
  0.99557718215143443     
  0.99464739209718478     
  0.99365179364196643     
  0.99259708337529529     
  0.99149024530333096     
  0.99033841592741567     
  0.98914877363239018     
  0.98792864344941345     
  0.98668554176286960     
  0.98542690098890151     
  0.98415996343519796     
  0.98289191529765130     
  0.98162990438055597     
  0.98038106559624494     
  0.97915229665713766     
  0.97795032145443417     
  0.97678166581335923     
  0.97565262967400201     
  0.97456938284027783     
  0.97353785152890771     
  0.97256376394675059     
  0.97165252659705537     
  0.97080916508534942     
  0.97003850215514176     
  0.96934507440489859     
  0.96873298709461086     
  0.96820600210908214     
  0.96776741239936714     
  0.99999999999999967     
  0.99972555903244520     
  0.99951572420021717     
  0.99937199917597896     
  0.99929526016613446     
  0.99928581084064716     
  0.99934347592866191     
  0.99946745898312217     
  0.99965632986268382     
  0.99990786947052623     
   1.0002190524322310     
   1.0005862980240716     
   1.0010054063318035     
   1.0014714470933050     
   1.0019788003198102     
   1.0025212333924500     
   1.0030920436880448     
   1.0036840148478874     
   1.0042896007136564     
   1.0049009735162016     
   1.0055101438872844     
   1.0061089743282521     
   1.0066893312170115     
   1.0072432231333670     
   1.0077626621531497     
   1.0082399849703869     
   1.0086678017681983     
   1.0090390213536318     
   1.0093472063678777     
   1.0095863554457707     
   1.0097510377411589     
   1.0098366082501578     
   1.0098392626208628     
   1.0097558357531573     
   1.0095839395178543     
   1.0093222368033195     
   1.0089703607676739     
   1.0085290348064049     
   1.0079999685220018     
   1.0073859561828613     
  0.99999999999999978     
  0.99923474575910098     
  0.99840626329678772     
  0.99752156921287716     
  0.99658877450808436     
  0.99561674323075178     
  0.99461501691158249     
  0.99359378730809744     
  0.99256366671412766     
  0.99153564037229502     
  0.99052084055857104     
  0.98953043328052803     
  0.98857540043961389     
  0.98766625261414753     
  0.98681304736713715     
  0.98602518690116703     
  0.98531137566865157     
  0.98467948578514986     
  0.98413641795018980     
  0.98368822217177077     
  0.98334001220909917     
  0.98309578747982951     
  0.98295844515936226     
  0.98292989431263078     
  0.98301094787971122     
  0.98320139676453466     
  0.98350011256613057     
  0.98390505113259352     
  0.98441330520081316     
  0.98502106984990601     
  0.98572372053868584     
  0.98651604652379155     
  0.98739218919978811     
  0.98834585350787085     
  0.98937047755711305     
  0.99045922998147651     
  0.99160518542345266     
  0.99280137933865731     
  0.99404107564786370     
  0.99531790010869781     
   1.0000000000000024     
   1.0013338098118132     
   1.0026842464363583     
   1.0040466376193413     
   1.0054169617762767     
   1.0067919402628009     
   1.0081688717033308     
   1.0095456298940650     
   1.0109208845692585     
   1.0122939477916904     
   1.0136646807559000     
   1.0150333735860082     
   1.0164008234126434     
   1.0177683629064989     
   1.0191376536611634     
   1.0205105516823874     
   1.0218891545330309     
   1.0232756047476885     
   1.0246719155980637     
   1.0260800745092824     
   1.0275018616917917     
   1.0289387875440659     
   1.0303920114151399     
   1.0318621587513743     
   1.0333492908660145     
   1.0348529666110167     
   1.0363721578858029     
   1.0379051364221032     
   1.0394496563308802     
   1.0410029653868387     
   1.0425617220083174     
   1.0441220732595056     
   1.0456797856926692     
   1.0472303237044620     
   1.0487689715912656     
   1.0502911498476228     
   1.0517924533552574     
   1.0532686361976369     
   1.0547159332679241     
   1.0561313712783273     
  0.99999999999999967     
   1.0013358067721443     
   1.0026907337835638     
   1.0040655796230102     
   1.0054620788356960     
   1.0068829101708496     
   1.0083319640147084     
   1.0098141043796565     
   1.0113350052989991     
   1.0129012626580800     
   1.0145201441626293     
   1.0161992345847704     
   1.0179462936568928     
   1.0197690091897016     
   1.0216745637434330     
   1.0236693512799935     
   1.0257586222435882     
   1.0279462202496650     
   1.0302343226273771     
   1.0326233468415644     
   1.0351117261637472     
   1.0376955699419204     
   1.0403687175029652     
   1.0431229372451618     
   1.0459480427352679     
   1.0488318674836155     
   1.0517605156749790     
   1.0547187067955526     
   1.0576900777107636     
   1.0606574115179357     
   1.0636029050670988     
   1.0665087830148083     
   1.0693573461432955     
   1.0721311841660917     
   1.0748137269902245     
   1.0773894928100798     
   1.0798442314552177     
   1.0821650143741601     
   1.0843404807431152     
   1.0863607608759520     
  0.99999999999999789     
   1.0016539206372137     
   1.0032136990908151     
   1.0046754361213950     
   1.0060363308196185     
   1.0072946791665920     
   1.0084498572420846     
   1.0095020374888541     
   1.0104521351898634     
   1.0113018276977674     
   1.0120533270797629     
   1.0127093874292450     
   1.0132732364053774     
   1.0137483314551583     
   1.0141383710580849     
   1.0144473032422652     
   1.0146791728558993     
   1.0148381416314114     
   1.0149283381969139     
   1.0149537619959359     
   1.0149182809586126     
   1.0148255825668053     
   1.0146789679660773     
   1.0144814548445396     
   1.0142357845171137     
   1.0139441716689153     
   1.0136084927582598     
   1.0132300979541942     
   1.0128097974549533     
   1.0123481032691961     
   1.0118452194823193     
   1.0113010239282905     
   1.0107152108940851     
   1.0100875347820599     
   1.0094177034744531     
   1.0087055745736888     
   1.0079515324099930     
   1.0071562388981004     
   1.0063210012932731     
   1.0054479001374492     
   1.0000000000000038     
  0.99906477592452325     
  0.99810716887829476     
  0.99713294585543055     
  0.99614894853214808     
  0.99516283308862419     
  0.99418298350623147     
  0.99321848468709284     
  0.99227900566281457     
  0.99137443856889740     
  0.99051471853527329     
  0.98970955894862134     
  0.98896835027293228     
  0.98830001061331418     
  0.98771271907783664     
  0.98721368334368542     
  0.98680904649216539     
  0.98650392224212657     
  0.98630214731989896     
  0.98620631374669132     
  0.98621787471067457     
  0.98633724583299920     
  0.98656386641936233     
  0.98689626116417262     
  0.98733224796072150     
  0.98786903051065367     
  0.98850325217106050     
  0.98923107480418859     
  0.99004830487261464     
  0.99095049720089801     
  0.99193293251167303     
  0.99299070728845462     
  0.99411865659978593     
  0.99531140960088571     
  0.99656340657488385     
  0.99786874879965215     
  0.99922123609400748     
   1.0006144278443021     
   1.0020416657391475     
   1.0034958794031095     
  0.99999999999999878     
   1.0014842932186980     
   1.0029771054984946     
   1.0044704218490035     
   1.0059559907425419     
   1.0074255756604122     
   1.0088709759441630     
   1.0102840219949913     
   1.0116568450271344     
   1.0129818281714649     
   1.0142516964705945     
   1.0154597218012671     
   1.0165995779722892     
   1.0176655402054580     
   1.0186525898230534     
   1.0195564627590490     
   1.0203735974338648     
   1.0211013088993726     
   1.0217378942791600     
   1.0222824908752404     
   1.0227350771594039     
   1.0230966001407606     
   1.0233691426964642     
   1.0235556787338018     
   1.0236600418743587     
   1.0236870478430020     
   1.0236423115437732     
   1.0235320155725027     
   1.0233630062858043     
   1.0231425385629498     
   1.0228778814715418     
   1.0225761272696747     
   1.0222440475828705     
   1.0218878054550737     
   1.0215127136600515     
   1.0211230528646822     
   1.0207219279604878     
   1.0203114872651480     
   1.0198927622458673     
   1.0194658196137594     
  0.99999999999999967     
  0.99956656529921462     
  0.99913830376797674     
  0.99871370442089058     
  0.99829152696797929     
  0.99787081552351475     
  0.99745121417118876     
  0.99703319996499218     
  0.99661800532594802     
  0.99620784233186910     
  0.99580582604709422     
  0.99541598962376532     
  0.99504323673450457     
  0.99469327392010776     
  0.99437256691199216     
  0.99408812973725114     
  0.99384751000365235     
  0.99365850634768815     
  0.99352906399079288     
  0.99346726438367228     
  0.99348113451929543     
  0.99357850436058126     
  0.99376689366813808     
  0.99405337909039659     
  0.99444426154055188     
  0.99494497447337182     
  0.99556031833538672     
  0.99629409313186490     
  0.99714883666719401     
  0.99812608075758102     
  0.99922605183292434     
   1.0004476256332975     
   1.0017884814248512     
   1.0032449842902307     
   1.0048122227566019     
   1.0064841581958539     
   1.0082535784954509     
   1.0101122049739060     
   1.0120507951158333     
   1.0140594356531345     
   1.0000000000000013     
   1.0021064965932156     
   1.0042631580636350     
   1.0064583186921938     
   1.0086801262150524     
   1.0109165923944157     
   1.0131558345694398     
   1.0153861378928191     
   1.0175959893118212     
   1.0197742049665652     
   1.0219099893184200     
   1.0239930663443768     
   1.0260137005112233     
   1.0279626721067501     
   1.0298314490597495     
   1.0316122961918912     
   1.0332982206249188     
   1.0348830403377753     
   1.0363615609271555     
   1.0377294934848242     
   1.0389833498291710     
   1.0401206449539864     
   1.0411399560716890     
   1.0420409080484079     
   1.0428240453516793     
   1.0434908696816048     
   1.0440438874767284     
   1.0444865410874573     
   1.0448231402489330     
   1.0450587158533768     
   1.0451991696400180     
   1.0452511030442404     
   1.0452217654974476     
   1.0451189545209647     
   1.0449508340059244     
   1.0447260030454004     
   1.0444533954763660     
   1.0441420431038335     
   1.0438009459303770     
   1.0434391603030324     
   1.0000000000000018     
  0.99964777538261529     
  0.99933407006560926     
  0.99906620554157477     
  0.99885076547758078     
  0.99869350753006347     
  0.99859934056068833     
  0.99857228358354544     
  0.99861539670611577     
  0.99873091386338297     
  0.99892016411740492     
  0.99918353248195790     
  0.99952068287531703     
  0.99993059343561408     
   1.0004114538906745     
   1.0009608886319012     
   1.0015761109936172     
   1.0022538761252362     
   1.0029905984724892     
   1.0037824473837254     
   1.0046254951067548     
   1.0055157515129185     
   1.0064492233134534     
   1.0074219665381339     
   1.0084301124966828     
   1.0094699620767360     
   1.0105379327253883     
   1.0116305563322587     
   1.0127446413236731     
   1.0138770948339602     
   1.0150247768865013     
   1.0161846527154208     
   1.0173537547494000     
   1.0185290175142070     
   1.0197073866110089     
   1.0208857967941889     
   1.0220608872886061     
   1.0232291401239482     
   1.0243868249057924     
   1.0255299391914319     
  0.99999999999999611     
   1.0010974907607524     
   1.0021886662001285     
   1.0032687914607366     
   1.0043328764880335     
   1.0053758876579730     
   1.0063926547906221     
   1.0073779235495655     
   1.0083264901828728     
   1.0092332605732151     
   1.0100932196545143     
   1.0109014892469061     
   1.0116534886268524     
   1.0123448941613049     
   1.0129718574951421     
   1.0135308984224181     
   1.0140189146202987     
   1.0144334051043082     
   1.0147723368235770     
   1.0150342193548894     
   1.0152182143742507     
   1.0153241237019104     
   1.0153522850946859     
   1.0153036540518463     
   1.0151798434678156     
   1.0149829379443727     
   1.0147157176456083     
   1.0143814925407557     
   1.0139840320859244     
   1.0135276050118822     
   1.0130168334425464     
   1.0124567490888994     
   1.0118526470654150     
   1.0112101258801898     
   1.0105348469864399     
   1.0098324764551951     
   1.0091087535387377     
   1.0083692831348481     
   1.0076194364661564     
   1.0068644095329187     
  0.99999999999999734     
  0.99925353022084662     
  0.99851984128624294     
  0.99780231033581412     
  0.99710377259507299     
  0.99642652192606129     
  0.99577219465758404     
  0.99514177163516715     
  0.99453565606383676     
  0.99395363407963122     
  0.99339489547060100     
  0.99285813426620995     
  0.99234165801888330     
  0.99184332799878161     
  0.99136081907619689     
  0.99089161417066951     
  0.99043288935122575     
  0.98998196782297532     
  0.98953632522096313     
  0.98909362218670449     
  0.98865194485452323     
  0.98820981796166152     
  0.98776630896759599     
  0.98732097353159820     
  0.98687419585751868     
  0.98642722702489061     
  0.98598187226125078     
  0.98554075694271970     
  0.98510743547319513     
  0.98468618682973474     
  0.98428181657540270     
  0.98389973004641351     
  0.98354582110880029     
  0.98322626866169993     
  0.98294758607660793     
  0.98271635365304666     
  0.98253896621961412     
  0.98242163484235145     
  0.98237022775067040     
  0.98239000712532820     
   1.0000000000000018     
   1.0001694018572591     
   1.0004072590295117     
   1.0007155572646178     
   1.0010953936984148     
   1.0015470593984259     
   1.0020699737671899     
   1.0026627020798746     
   1.0033230929190886     
   1.0040484967873753     
   1.0048356737878175     
   1.0056808866931244     
   1.0065802087191604     
   1.0075295790327394     
   1.0085248690607675     
   1.0095619704796193     
   1.0106370549813224     
   1.0117463593041371     
   1.0128861507665334     
   1.0140529054885041     
   1.0152432255461747     
   1.0164538616035705     
   1.0176816054689701     
   1.0189233148855985     
   1.0201758506596523     
   1.0214360520315291     
   1.0227007985181402     
   1.0239668779437914     
   1.0252310896066468     
   1.0264902564524359     
   1.0277410340334181     
   1.0289801511397818     
   1.0302044280890119     
   1.0314106356176804     
   1.0325956517321226     
   1.0337562991104876     
   1.0348894099985357     
   1.0359918319292989     
   1.0370603893529442     
   1.0380919095055692     
  0.99999999999999900     
   1.0009450559067148     
   1.0018755104637111     
   1.0027874383185249     
   1.0036767032358445     
   1.0045390627710278     
   1.0053700338731864     
   1.0061650907412767     
   1.0069195658849521     
   1.0076288379365916     
   1.0082883979493431     
   1.0088939363217280     
   1.0094414923267765     
   1.0099275288252325     
   1.0103491110450957     
   1.0107037781575285     
   1.0109897299300523     
   1.0112058696622537     
   1.0113517738135105     
   1.0114279584940928     
   1.0114358197209983     
   1.0113775508022724     
   1.0112561811594711     
   1.0110754450188679     
   1.0108398378083030     
   1.0105545496755239     
   1.0102252578182298     
   1.0098581059771905     
   1.0094594771163241     
   1.0090358814551232     
   1.0085938813009003     
   1.0081398123617302     
   1.0076797691857831     
   1.0072195107396689     
   1.0067642038277358     
   1.0063185296242063     
   1.0058865224415909     
   1.0054715407493051     
   1.0050763157717737     
   1.0047028650849150     
  0.99999999999999789     
  0.99967708719492121     
  0.99938309758818800     
  0.99911849751356996     
  0.99888353294108678     
  0.99867832397638867     
  0.99850304286787828     
  0.99835788336970555     
  0.99824327873775032     
  0.99815988320438476     
  0.99810869836138472     
  0.99809109133350515     
  0.99810879176203726     
  0.99816390790583398     
  0.99825893812759769     
  0.99839673860782041     
  0.99858044740636742     
  0.99881352349142460     
  0.99909961483346610     
  0.99944241144976664     
  0.99984555311285028     
   1.0003125866789224     
   1.0008468573848850     
   1.0014512655674579     
   1.0021282715929227     
   1.0028797380669736     
   1.0037066219491488     
   1.0046089699479743     
   1.0055859744622044     
   1.0066357268822517     
   1.0077550218059099     
   1.0089396283279211     
   1.0101841782334764     
   1.0114821310353372     
   1.0128259045406627     
   1.0142069554130868     
   1.0156158101673634     
   1.0170422419615881     
   1.0184754712119777     
   1.0199043064785760     
   1.0000000000000031     
   1.0013800597845681     
   1.0027392311950760     
   1.0040663443881541     
   1.0053504723898936     
   1.0065811329912937     
   1.0077485121152958     
   1.0088433607341896     
   1.0098571551097073     
   1.0107821310825367     
   1.0116114026490850     
   1.0123391092417879     
   1.0129602606404056     
   1.0134708425611592     
   1.0138679214754966     
   1.0141495134430960     
   1.0143147930442979     
   1.0143640509467211     
   1.0142985428275026     
   1.0141204813439422     
   1.0138331031757000     
   1.0134406170511070     
   1.0129480949300256     
   1.0123613923468455     
   1.0116870490953143     
   1.0109322126505926     
   1.0101044189308828     
   1.0092115617087880     
   1.0082617139713259     
   1.0072629996231968     
   1.0062236299097387     
   1.0051515949359031     
   1.0040545787351793     
   1.0029400761810641     
   1.0018152815133332     
   1.0006869825904519     
  0.99956148611360873     
  0.99844470819567632     
  0.99734225695438850     
  0.99625946662511489     
  0.99999999999999967     
  0.99896688285315760     
  0.99796389455287804     
  0.99699546047595811     
  0.99606591746663131     
  0.99517946947417713     
  0.99434015325171499     
  0.99355187520395927     
  0.99281835437921850     
  0.99214326290039367     
  0.99153000012402792     
  0.99098168162007372     
  0.99050122812227837     
  0.99009120934424355     
  0.98975371284460756     
  0.98949037850608013     
  0.98930245366515901     
  0.98919073309920535     
  0.98915549212942300     
  0.98919643434646509     
  0.98931269095900309     
  0.98950279248877449     
  0.98976470871302902     
  0.99009589742727722     
  0.99049323931530009     
  0.99095304493567882     
  0.99147117276979857     
  0.99204303564998009     
  0.99266358771800867     
  0.99332738019381084     
  0.99402871581837016     
  0.99476153483552732     
  0.99551955494927258     
  0.99629640049644486     
  0.99708552006752671     
  0.99788021277131222     
  0.99867365640213079     
  0.99945921646241087     
   1.0002303471949301     
   1.0009804717460855     
  0.99999999999999900     
   1.0006894808400497     
   1.0013409926338133     
   1.0019490021867064     
   1.0025083150482210     
   1.0030141103330343     
   1.0034619612099016     
   1.0038479787426573     
   1.0041688473877532     
   1.0044217827154769     
   1.0046046929767145     
   1.0047162512130237     
   1.0047557669879243     
   1.0047231892831738     
   1.0046190809493822     
   1.0044446636962594     
   1.0042018547173817     
   1.0038931278504752     
   1.0035215722773942     
   1.0030907408961605     
   1.0026045839099571     
   1.0020674187758443     
   1.0014837528695419     
   1.0008582825746235     
   1.0001957721847476     
  0.99950091300020749     
  0.99877842320229515     
  0.99803289339080803     
  0.99726863048328718     
  0.99648974906726573     
  0.99570008704112334     
  0.99490320569953639     
  0.99410245752442661     
  0.99330104305724076     
  0.99250200442123915     
  0.99170812627378202     
  0.99092200768771732     
  0.99014613947498975     
  0.98938286926530739     
  0.98863446139218647     
  0.99999999999999756     
  0.99927833230882934     
  0.99856765276615256     
  0.99786979043728485     
  0.99718658323761622     
  0.99651961455511939     
  0.99587022191766461     
  0.99523959223756908     
  0.99462867927217380     
  0.99403828074703948     
  0.99346894915429862     
  0.99292109003939955     
  0.99239498171208385     
  0.99189064820770056     
  0.99140807669166886     
  0.99094726483649098     
  0.99050825373696516     
  0.99009123492243745     
  0.98969658142144412     
  0.98932482029681668     
  0.98897668275958550     
  0.98865333505344710     
  0.98835628686875110     
  0.98808727928215923     
  0.98784834474981609     
  0.98764180387785883     
  0.98747028400024695     
  0.98733662748311724     
  0.98724375823199872     
  0.98719465408904217     
  0.98719216951114019     
  0.98723902694981758     
  0.98733786889810726     
  0.98749100150421065     
  0.98770024687018909     
  0.98796705160091591     
  0.98829239103716837     
  0.98867667771991852     
  0.98911970037095898     
  0.98962052409533463     
   1.0000000000000038     
   1.0006097444893278     
   1.0012624372389713     
   1.0019545630193991     
   1.0026820206014675     
   1.0034402012240435     
   1.0042239534353592     
   1.0050276550859385     
   1.0058454698153674     
   1.0066713781792971     
   1.0074990095099201     
   1.0083218886417429     
   1.0091336535864044     
   1.0099278175199824     
   1.0106980308798610     
   1.0114381230452447     
   1.0121419382298080     
   1.0128036503977658     
   1.0134178635061455     
   1.0139794892563236     
   1.0144838634843645     
   1.0149267979595296     
   1.0153045515152865     
   1.0156139663291968     
   1.0158524114437297     
   1.0160178340316368     
   1.0161088485659999     
   1.0161246743937953     
   1.0160652121187870     
   1.0159310831526038     
   1.0157235555987509     
   1.0154444069710320     
   1.0150960673863985     
   1.0146816262840306     
   1.0142046965637626     
   1.0136693071365508     
   1.0130798944677477     
   1.0124412834776038     
   1.0117585495063151     
   1.0110370246659361     
   1.0102822762980987     
   1.0094998323837894     
   1.0086952288940561     
   1.0078740782488189     
   1.0070419220724081     
   1.0062041821110275     
   1.0053660596347629     
   1.0045325091321249     
   1.0037082108293902     
   1.0028976997695376     
   1.0021053373286619     
   1.0013352290978645     
   1.0005913044578709     
  0.99987730679632603     
  0.99919676188568796     
  0.99855295258163623     
  0.99794897084582868     
  0.99738774361263050     
  0.99687204527588791     
  0.99640446169553043     
  0.99598743643814158     
  0.99562323198351355     
  0.99531377087286910     
  0.99506071565673615     
  0.99486542664091571     
  0.99472886803287064     
  0.99465162473956559     
  0.99463381937673878     
  0.99467503818531866     
  0.99477427610647551     
  0.99492991850139656     
  0.99513967343131837     
  0.99540063931301948     
  0.99570926771704882     
  0.99606140179130709     
  0.99645246195609660     
  0.99687722532345902     
  0.99732997595681894     
  0.99780471158225548     
  0.99829510988889891     
  0.99879478424098733     
  0.99929735993123037     
  0.99979654237936399     
   1.0002862547853288     
   1.0007607219821975     
   1.0012146443511356     
   1.0016433418419841     
   1.0020427267719494     
   1.0024092154376667     
   1.0027398449679599     
   1.0030323938204093     
   1.0032852206744771     
   1.0034974107068573     
   1.0036687502367050     
   1.0037995469662984     
   1.0038906062762851     
   1.0039430507448310     
   1.0039583742670000     
   1.0039384542470748     
   1.0038854041209404     
   1.0038013725845796     
   1.0036886077013780     
   1.0035493321519775     
   1.0033856407138135     
   1.0031995164791874     
   1.0029928318152288     
   1.0027672411914745     
   1.0025240727842639     
   1.0022646226208975     
   1.0019900457795232     
   1.0017012634903768     
   1.0013990982514118     
   1.0010842829698641     
   1.0007575684189849     
   1.0004197934400374     
   1.0000719270483722     
  0.99971513044005822     
  0.99935065381032961     
  0.99898001067334852     
  0.99860512082070907     
  0.99822812298937924     
  0.99785129192477262     
  0.99747718228280802     
  0.99710859076701508     
  0.99674838557320955     
  0.99639952865494286     
  0.99606504891370051     
  0.99574781823454594     
  0.99545053035066311     
  0.99517567678183727     
  0.99492534139905742     
  0.99470134803397303     
  0.99450522086882598     
  0.99433799145637869     
  0.99420027440955572     
  0.99409247879416907     
  0.99401468137871862     
  0.99396666630114794     
  0.99394815718561080     
  0.99395888557143486     
  0.99399861188956107     
  0.99406711974391981     
  0.99416438182795963     
  0.99429067807750648     
  0.99444644676771476     
  0.99463222555144193     
  0.99484890742380105     
  0.99509755828631807     
  0.99537927569882978     
  0.99569523476401223     
  0.99604667400430058     
  0.99643474820733491     
  0.99686036292693370     
  0.99732414203333386     
  0.99782638540677815     
  0.99836692203548583     
  0.99894506372714298     
  0.99955973588141012     
   1.0002092615999201     
   1.0008913584015133     
   1.0016030564544998     
   1.0023407838566338     
   1.0031004579490792     
   1.0038773444790516     
   1.0046661787703344     
   1.0054611853713171     
   1.0062561723374956     
   1.0070446099623123     
   1.0078196707809737     
   1.0085744179621625     
   1.0093018100967726     
   1.0099946567582889     
   1.0106459227963844     
   1.0112489130693276     
   1.0117972449363630     
   1.0122849440981803     
   1.0127065866207283     
   1.0130573467857023     
   1.0133331658021254     
   1.0135307177494999     
   1.0136474325565410     
   1.0136816674503717     
   1.0136326319626696     
   1.0135004542081896     
   1.0132860639838124     
   1.0129912357151629     
   1.0126185052958132     
   1.0121710140979525     
   1.0116525389363786     
   1.0110672464632016     
   1.0104196826736749     
   1.0097146952645373     
   1.0089573144283348     
   1.0081526416356130     
   1.0073056932855093     
   1.0064213056935227     
   1.0055039770469505     
   1.0045580356759070     
   1.0035875019362290     
   1.0025959754819265     
   1.0015866831814628     
   1.0005623837135953     
  0.99952553275326617     
  0.99847825808674262     
  0.99742235806661039     
  0.99635945543988047     
  0.99529103716983280     
  0.99421847427603771     
  0.99314321662248894     
  0.99206687528447535     
  0.99099120519407646     
  0.98991821396657576     
  0.98885025600705123     
  0.98779016837659028     
  0.98674113753100223     
  0.98570670192514542     
  0.98469084271111329     
  0.98369799217268250     
  0.98273289869187286     
  0.98180044224218066     
  0.98090576406179197     
  0.98005409716287128     
  0.97925063037546733     
  0.97850058086179592     
  0.97780900615929134     
  0.97718064739943533     
  0.97661982330224395     
  0.97613046059362985     
  0.97571616031813224     
  0.97537994868012301     
  0.97512417514003502     
  0.97495080995381955     
  0.97486124174136723     
  0.97485605800386355     
  0.97493535072477766     
  0.97509875550558600     
  0.97534546076778350     
  0.97567408636730268     
  0.97608272010924046     
  0.97656904889066720     
  0.97713032003871358     
  0.97776338329916845     
  0.97846467914211133     
  0.97923019624848284     
  0.98005546955938405     
  0.98093561742052016     
  0.98186530765651581     
  0.98283870174055665     
  0.98384959491575463     
  0.98489147544309308     
  0.98595738920242471     
  0.98704007816998374     
  0.98813209748278830     
  0.98922585431702093     
  0.99031365439929475     
  0.99138775918622057     
  0.99244053641513263     
  0.99346453688338077     
  0.99445263425842301     
  0.99539819424063614     
  0.99629517832662984     
  0.99713809282182575     
  0.99792219333738896     
  0.99864371479620695     
  0.99929973835611818     
  0.99988820216272700     
   1.0004080209084021     
   1.0008591428782478     
   1.0012423685670826     
   1.0015592998136413     
   1.0018124038217617     
   1.0020048298216304     
   1.0021402397543038     
   1.0022227513775768     
   1.0022567990669902     
   1.0022469709135848     
   1.0021979949336424     
   1.0021144710446643     
   1.0020009048184129     
   1.0018616170854180     
   1.0017005881967880     
   1.0015215024108728     
   1.0013278290766374     
   1.0011227530669888     
   1.0009092045988177     
   1.0006900797461902     
   1.0004681842427130     
   1.0002463193603623     
   1.0000272736457096     
  0.99981382191138468     
  0.99960879770810807     
  0.99941511682842532     
  0.99923578762084331     
  0.99907360547048374     
  0.99893124953222590     
  0.99881142740401463     
  0.99871653184446718     
  0.99864868353223657     
  0.99860967222706787     
  0.99860084816207273     
  0.99862313405429659     
  0.99867700310090068     
  0.99876243758725947     
  0.99887897096097789     
  0.99902571752855995     
  0.99920143975123143     
  0.99940457766130741     
  0.99963328001505436     
  0.99988543795087836     
   1.0001587152842020     
   1.0004505825847430     
   1.0007582969597160     
   1.0010790270868266     
   1.0014098898409214     
   1.0017479941673755     
   1.0020904140064788     
   1.0024341956819600     
   1.0027764135286144     
   1.0031142804689395     
   1.0034451264291049     
   1.0037663316604535     
   1.0040753984616646     
   1.0043701009025483     
   1.0046485311872149     
   1.0049091004019270     
   1.0051505335437345     
   1.0053718801222644     
   1.0055726347176388     
   1.0057526780495230     
   1.0059122793956621     
   1.0060521322247453     
   1.0061734212054132     
   1.0062776284090151     
   1.0063664992282730     
   1.0064422148278156     
   1.0065072372615176     
   1.0065641897157385     
   1.0066158234983416     
   1.0066649098889053     
   1.0067141773219346     
   1.0067662542927274     
   1.0068235799572047     
   1.0068883436227136     
   1.0069622684188755     
   1.0070466999807073     
   1.0071426001366828     
   1.0072504213229083     
   1.0073701291723050     
   1.0075011326079237     
   1.0076423103234404     
   1.0077921152279186     
   1.0079485260014505     
   1.0081091659002812     
   1.0082714261015320     
   1.0084325002828394     
   1.0085894606480996     
   1.0087392641041346     
   1.0088790010001369     
   1.0090059631601909     
   1.0091176044269861     
   1.0092116770200876     
   1.0092862929010011     
   1.0093398704992065     
   1.0093712050656660     
   1.0093795606474285     
   1.0093647529947778     
   1.0093270754733736     
   1.0092671533981543     
   1.0091859947675723     
   1.0090848854743175     
   1.0089652592534288     
   1.0088287985066309     
   1.0086772143563778     
   1.0085119689180153     
   1.0083344294382279     
   1.0081456914545888     
   1.0079464587777303     
   1.0077370931540532     
   1.0075174329015950     
   1.0072868857385502     
   1.0070445534698926     
   1.0067892095164552     
   1.0065192384913102     
   1.0062329206002210     
   1.0059285543438374     
   1.0056043227754703     
   1.0052586421035301     
   1.0048901251729163     
   1.0044975067930633     
   1.0040798731507283     
   1.0036365725073690     
   1.0031672365707944     
   1.0026718327456230     
   1.0021506526027439     
   1.0016041011511130     
   1.0010328973369560     
   1.0004382434187005     
  0.99982143075126972     
  0.99918387277368104     
  0.99852740439801457     
  0.99785411084957953     
  0.99716632053327581     
  0.99646678522050447     
  0.99575849192629629     
  0.99504471860949928     
  0.99432917777729701     
  0.99361587838589838     
  0.99290899582102254     
  0.99221296258634883     
  0.99153244320549394     
  0.99087215375057047     
  0.99023681993573887     
  0.98963109266100568     
  0.98905938067898247     
  0.98852579637034421     
  0.98803411487858184     
  0.98758761752687751     
  0.98718892285478155     
  0.98684000606835864     
  0.98654223163558574     
  0.98629628580825146     
  0.98610215933919865     
  0.98595920197887776     
  0.98586609745940512     
  0.98582097689367598     
  0.98582134882813544     
  0.98586422675216034     
  0.98594637109820960     
  0.98606427990848200     
  0.98621422322944852     
  0.98639230490136309     
  0.98659470394047466     
  0.98681759407427228     
  0.98705728175605068     
  0.98731029588303520     
  0.98757346878756913     
  0.98784412756311801     
  0.98811997617394742     
  0.98839903125945905     
  0.98867978138763368     
  0.98896144710239953     
  0.98924374831860906     
  0.98952679128452237     
  0.98981122711367808     
  0.99009819171820046     
  0.99038922570605248     
  0.99068633253783256     
  0.99099182902928540     
  0.99130826394914928     
  0.99163847814751283     
  0.99198532031775066     
  0.99235170027271047     
  0.99274057660113879     
  0.99315470665425121     
  0.99359666919667011     
  0.99406884375062898     
  0.99457333118258506     
  0.99511185331283236     
  0.99568568398061352     
  0.99629560520634064     
  0.99694176240055532     
  0.99762389957791431     
  0.99834118629969826     
  0.99909203986834372     
  0.99987439286649915     
   1.0006855688377256     
   1.0015223252353778     
   1.0023808944017305     
   1.0032571270558943     
   1.0041464800107993     
   1.0050439771150743     
   1.0059443539507820     
   1.0068421618739702     
   1.0077318457514528     
   1.0086078665730467     
   1.0094647180593843     
   1.0102969281570837     
   1.0110992710638536     
   1.0118667587829466     
   1.0125946547683626     
   1.0132786374761193     
   1.0139148806555331     
   1.0145000109363198     
   1.0150310997818710     
   1.0155057995581340     
   1.0159223117223812     
   1.0162794480629336     
   1.0165766227265838     
   1.0168137815757865     
   1.0169915272396424     
   1.0171111436199420     
   1.0171745773911207     
   1.0171843477517450     
   1.0171435174520678     
   1.0170557987494719     
   1.0169253792005994     
   1.0167569348035705     
   1.0165556972852536     
   1.0163273281207146     
   1.0160778051199768     
   1.0158133482136866     
   1.0155403656687929     
   1.0152653483922223     
   1.0149948923971133     
   1.0147354577127043     
   1.0144932241733442     
   1.0142740755268862     
   1.0140834610541021     
   1.0139263811419701     
   1.0138071063458867     
   1.0137292543288399     
   1.0136956636942287     
   1.0137083020573969     
   1.0137683672058642     
   1.0138761671259495     
   1.0140312007295700     
   1.0142321434002564     
   1.0144768739781269     
   1.0147625050041498     
   1.0150854942269716     
   1.0154416622884479     
   1.0158264573190865     
   1.0162350615394991     
   1.0166623557449537     
   1.0171030729921804     
   1.0175518825647125     
   1.0180036615835024     
   1.0184533890731569     
   1.0188962693045274     
   1.0193278861666630     
   1.0197441317836631     
   1.0201413466789679     
   1.0205163002342785     
   1.0208663699524378     
   1.0211893704781445     
   1.0214835692645505     
   1.0217477965467636     
   1.0219812694051151     
   1.0221837371977014     
   1.0223553236897218     
   1.0224964392446538     
   1.0226078994209502     
   1.0226907890388337     
   1.0227463695861694     
   1.0227760129820624     
   1.0227811759614989     
   1.0227634140580426     
   1.0227242047152185     
   1.0226649126994545     
   1.0225868632883093     
   1.0224912194164970     
   1.0223787846951153     
   1.0222501239676658     
   1.0221055604633804     
   1.0219451764633332     
   1.0217688919743579     
   1.0215763322899534     
   1.0213668369657340     
   1.0211395924768436     
   1.0208936426572892     
   1.0206279090933110     
   1.0203412014409752     
   1.0200322484233910     
   1.0196998968362199     
   1.0193429859687371     
   1.0189604313959779     
   1.0185514283658528     
   1.0181153617451193     
   1.0176517114401327     
   1.0171601582996377     
   1.0166408163643985     
   1.0160941091996283     
   1.0155206543744482     
   1.0149214734439735     
   1.0142979364495712     
   1.0136517554779714     
   1.0129850468711044     
   1.0123002277254052     
   1.0116000357403430     
   1.0108876034349255     
   1.0101662656840340     
   1.0094395637680684     
   1.0087113147261533     
   1.0079854181276326     
   1.0072658729685733     
   1.0065567963965969     
   1.0058622864528735     
   1.0051864031777591     
   1.0045330978660987     
   1.0039059618671355     
   1.0033083183416103     
   1.0027432520172108     
   1.0022134236970834     
   1.0017210392705462     
   1.0012677693055041     
   1.0008547038627422     
   1.0004823097022515     
   1.0001504159388130     
  0.99985822737087982     
  0.99960425527260899     
  0.99938622767380991     
  0.99920119758550685     
  0.99904550236993306     
  0.99891492573008678     
  0.99880490268168598     
  0.99871034274868464     
  0.99862589762384979     
  0.99854608674066336     
  0.99846538371875870     
  0.99837841228302027     
  0.99828009695061881     
  0.99816582446520030     
  0.99803159466725133     
  0.99787399498422158     
  0.99769020698446242     
  0.99747826950849661     
  0.99723697174227988     
  0.99696566115302354     
  0.99666433522524644     
  0.99633357924436050     
  0.99597432304421663     
  0.99558774268771932     
  0.99517522990247542     
  0.99473822048565386     
  0.99427806302038690     
  0.99379599094862903     
  0.99329302561405119     
  0.99276976188468913     
  0.99222646188255970     
  0.99166324028149722     
  0.99107996140592980     
  0.99047614128142181     
  0.98985099282395017     
  0.98920371898856296     
  0.98853348291183807     
  0.98783940758709321     
  0.98712084617927609     
  0.98637738184874491     
  0.98560880462202161     
  0.98481528723723843     
  0.98399752617523850     
  0.98315649034314900     
  0.98229365450615791     
  0.98141105151271635     
  0.98051107477958055     
  0.97959675835584381     
  0.97867175796796424     
  0.97774006831198479     
  0.97680608196400454     
  0.97587465735826184     
  0.97495115987017933     
  0.97404134947062104     
  0.97315125559367155     
  0.97228721096392190     
  0.97145575106847892     
  0.97066344031678975     
  0.96991688564932088     
  0.96922278964247310     
  0.96858773260032904     
  0.96801815024859095     
  0.96752012732687753     
  0.96709928059164318     
  0.96676077492736745     
  0.96650928408336745     
  0.96634881431906094     
  0.96628259596993682     
  0.96631312774508249     
  0.96644194616467294     
  0.96666979000135234     
  0.96699660561325540     
  0.96742137878029022     
  0.96794230086888922     
  0.96855674435002914     
  0.96926134623878268     
  0.97005209347366617     
  0.97092449156437866     
  0.97187356137244818     
  0.97289381454722568     
  0.97397944498789213     
  0.97512455616727589     
  0.97632306580025841     
  0.97756858667231838     
  0.97885474596208788     
  0.98017527652348846     
  0.98152398397357066     
  0.98289467501883077     
  0.98428113933880890     
  0.98567729322691111     
  0.98707713820585863     
  0.98847477087811508     
  0.98986444794240858     
  0.99124047585877961     
  0.99259726853406016     
  0.99392942285100194     
  0.99523176827565540     
  0.99649943438673527     
  0.99772774889879601     
  0.99891223970829635     
   1.0000487749559979     
   1.0011335617492738     
   1.0021633396849885     
   1.0031354493413485     
   1.0040475958591439     
   1.0048978912569861     
   1.0056851741220683     
   1.0064088899819548     
   1.0070688669236427     
   1.0076655440668794     
   1.0081998400790033     
   1.0086732093899531     
   1.0090877225143531     
   1.0094456420989621     
   1.0097495798656904     
   1.0100026105498492     
   1.0102079592192541     
   1.0103690105858625     
   1.0104892845320628     
   1.0105723281113199     
   1.0106216034201523     
   1.0106404794304267     
   1.0106321869351607     
   1.0105997154076027     
   1.0105459392350133     
   1.0104734397217843     
   1.0103843307046385     
   1.0102804957794129     
   1.0101635983967114     
   1.0100350369179452     
   1.0098960316115813     
   1.0097476342727869     
   1.0095908332157499     
   1.0094263900633309     
   1.0092550006576526     
   1.0090775711281934     
   1.0088950794770295     
   1.0087086016438398     
   1.0085193034495865     
   1.0083285433359117     
   1.0081378254283280     
   1.0079487524503667     
   1.0077630988583466     
   1.0075826376557473     
   1.0074092021608914     
   1.0072445408517230     
   1.0070902223304030     
   1.0069474710300301     
   1.0068170513638215     
   1.0066994264057669     
   1.0065944860434757     
   1.0065016444744002     
   1.0064199359316730     
   1.0063478470320109     
   1.0062834251686439     
   1.0062243037793341     
   1.0061677819653596     
   1.0061109663185828     
   1.0060509603078318     
   1.0059848345568299     
   1.0059095406754825     
   1.0058222953318343     
   1.0057205377938692     
   1.0056019255460662     
   1.0054645159102791     
   1.0053066335319691     
   1.0051269450761218     
   1.0049245381628442     
   1.0046987433876042     
   1.0044492164863119     
   1.0041760586854522     
   1.0038794766896355     
   1.0035598178118053     
   1.0032176942501603     
   1.0028537332399825     
   1.0024685870685011     
   1.0020629704693611     
   1.0016375992038922     
   1.0011931442068902     
   1.0007300466896345     
   1.0002486586339987     
  0.99974922431608748     
  0.99923174446363361     
  0.99869622767826782     
  0.99814259561803287     
  0.99757056571666525     
  0.99697982545906361     
  0.99637012888796606     
  0.99574136635538424     
  0.99509363817968255     
  0.99442724636175039     
  0.99374287405990092     
  0.99304163469850182     
  0.99232501407852380     
  0.99159501378984927     
  0.99085417414265087     
  0.99010553897382814     
  0.98935261387451245     
  0.98859945422612294     
  0.98785068109867646     
  0.98711131898359938     
  0.98638656160472316     
  0.98568194941838649     
  0.98500330658383295     
  0.98435642431146564     
  0.98374710568894308     
  0.98318107101804453     
  0.98266387995239524     
  0.98220074656351186     
  0.98179647622613053     
  0.98145551582378077     
  0.98118180613180583     
  0.98097888273373668     
  0.98084970780692260     
  0.98079666518961706     
  0.98082163793251609     
  0.98092600721266687     
  0.98111062868374355     
  0.98137588052841018     
  0.98172169159580447     
  0.98214751267774614     
  0.98265232936485414     
  0.98323467106704554     
  0.98389278829019888     
  0.98462450875250773     
  0.98542721734930183     
  0.98629790278614071     
  0.98723313804556723     
  0.98822903440022469     
  0.98928125961246216     
  0.99038495999944520     
  0.99153484547615778     
  0.99272521554169924     
  0.99394979942366979     
  0.99520182763888976     
  0.99647416108762965     
  0.99775932323152405     
  0.99904952720076767     
   1.0003368647859159     
   1.0016133331334109     
   1.0028708587540092     
   1.0041015503512571     
   1.0052979412939678     
   1.0064529407713074     
   1.0075598784162954     
   1.0086128634341378     
   1.0096067361875756     
   1.0105370203670976     
   1.0114001157696355     
   1.0121932542749965     
   1.0129144188254482     
   1.0135624180603910     
   1.0141367683859897     
   1.0146376499725258     
   1.0150658234296992     
   1.0154224347855949     
   1.0157090097933836     
   1.0159272998658890     
   1.0160792190793555     
   1.0161669108112132     
   1.0161926203204878     
   1.0161586101214901     
   1.0160672183519284     
   1.0159207797416188     
   1.0157216646345253     
   1.0154724269893682     
   1.0151756479772247     
   1.0148338321697754     
   1.0144495598711813     
   1.0140255162315668     
   1.0135643881994512     
   1.0130689509170654     
   1.0125420056244914     
   1.0119862301344393     
   1.0114043297865927     
   1.0107991239498639     
   1.0101734460897533     
   1.0095299471191286     
   1.0088711579733456     
   1.0081997416615642     
   1.0075184605794567     
   1.0068300397810135     
   1.0061372145284542     
   1.0054428773688160     
   1.0047498637672532     
   1.0040611060308289     
   1.0033796160785089     
   1.0027083145439863     
   1.0020502295095546     
   1.0014084165538486     
   1.0007858441833868     
   1.0001853734470336     
  0.99960989327024685     
  0.99906234259679472     
  0.99854544577134430     
  0.99806165523883328     
  0.99761341041663398     
  0.99720309426837106     
  0.99683274098850361     
  0.99650413788973036     
  0.99621895411834083     
  0.99597862107634605     
  0.99578428578621037     
  0.99563678841173697     
  0.99553665127719393     
  0.99548411272129489     
  0.99547904314804980     
  0.99552085883544661     
  0.99560858926148299     
  0.99574090182575015     
  0.99591601614357050     
  0.99613177232088790     
  0.99638571193473091     
  0.99667506578097154     
  0.99699673172511605     
  0.99734730444451092     
  0.99772318543016281     
  0.99812044862542704     
  0.99853514371440655     
  0.99896325049536150     
  0.99940054386097743     
  0.99984291170302031     
   1.0002863450354573     
   1.0007268205816842     
   1.0011605049658905     
   1.0015836555803403     
   1.0019925413707627     
   1.0023836554710261     
   1.0027535149110438     
   1.0030986912793041     
   1.0034155376954883     
   1.0037001435251305     
   1.0039484209071223     
   1.0041558823613548     
   1.0043176689559608     
   1.0044287266298086     
   1.0044838260519271     
   1.0044775162145159     
   1.0044044994409689     
   1.0042597287728217     
   1.0040386021120999     
   1.0037372515251706     
   1.0033526844110425     
   1.0028830916919300     
   1.0023279223628589     
   1.0016877884383550     
   1.0009646466737563     
   1.0001619710746181     
  0.99928442944358964     
  0.99833787326403389     
  0.99732932289811915     
  0.99626654584183194     
  0.99515797109133841     
  0.99401271408899194     
  0.99284023995604931     
  0.99164998338851340     
  0.99045135355720426     
  0.98925356334236858     
  0.98806533310609235     
  0.98689482684092333     
  0.98574951702759905     
  0.98463610396722401     
  0.98356044005359655     
  0.98252739615062545     
  0.98154088914147519     
  0.98060399002651055     
  0.97971884532206133     
  0.97888674202781001     
  0.97810821192440145     
  0.97738315254569419     
  0.97671079078164769     
  0.97608972071669431     
  0.97551815663557739     
  0.97499389685613169     
  0.97451448310090938     
  0.97407727645909203     
  0.97367934597934713     
  0.97331763190217235     
  0.97298889605767280     
  0.97268984181062224     
  0.97241717810227390     
  0.97216747538614745     
  0.97193719908541265     
  0.97172274193638930     
  0.97152047392504348     
  0.97132662436597783     
  0.97113734079165814     
  0.97094878622288916     
  0.97075708707192876     
  0.97055835569113125     
  0.97034887856260033     
  0.97012501422914488     
  0.96988312598251292     
  0.96961987228579627     
  0.96933213205253255     
  0.96901694249758852     
  0.96867164117672122     
  0.96829399016589368     
  0.96788223447534150     
  0.96743515014373804     
  0.96695207380728476     
  0.96643286965823449     
  0.96587812933949435     
  0.96528902986342036     
  0.96466744796111970     
  0.96401604408519770     
  0.96333820011752558     
  0.96263796975452420     
  0.96192013177673208     
  0.96119003230837929     
  0.96045351538619128     
  0.95971688458537996     
  0.95898680641779821     
  0.95827031000413387     
  0.95757443150658161     
  0.95690615430705561     
  0.95627226307459068     
  0.95567922252321913     
  0.95513306990881963     
  0.95463921769554250     
  0.95420238855098782     
  0.95382658440399037     
  0.95351514250561653     
  0.95327065209667039     
  0.95309496701902674     
  0.95298939730661869     
  0.95295467923417243     
  0.95299105141362217     
  0.95309846453074409     
  0.95327664933500111     
  0.95352515226528745     
  0.95384345307792606     
  0.95423111122022042     
  0.95468778991628966     
  0.95521324344569036     
  0.95580739859805741     
  0.95647039870045392     
  0.95720242309349568     
  0.95800365628541739     
  0.95887450081601222     
  0.95981523469231333     
  0.96082584578083874     
  0.96190637382322863     
